{
 "cells": [
  {
   "cell_type": "code",
   "execution_count": 4,
   "metadata": {
    "collapsed": false
   },
   "outputs": [
    {
     "name": "stdout",
     "output_type": "stream",
     "text": [
      "Populating the interactive namespace from numpy and matplotlib\n"
     ]
    }
   ],
   "source": [
    "%pylab inline\n",
    "import pandas as pd"
   ]
  },
  {
   "cell_type": "code",
   "execution_count": 5,
   "metadata": {
    "collapsed": false
   },
   "outputs": [
    {
     "data": {
      "text/plain": [
       "['../submission/lgb_fair_preds',\n",
       " '../submission/lgb_huber_preds',\n",
       " '../submission/lgb_regression_l1f1_preds',\n",
       " '../submission/lgb_regression_l1f2_preds',\n",
       " '../submission/lgb_regression_l1f4_preds',\n",
       " '../submission/lgb_regression_l1_preds',\n",
       " '../submission/xgb_l1f0_preds',\n",
       " '../submission/cat_MAE_preds']"
      ]
     },
     "execution_count": 5,
     "metadata": {},
     "output_type": "execute_result"
    }
   ],
   "source": [
    "files=!ls ../submission/lgb*\n",
    "files=[u for u in files if  'l1f6' not  in u]+['../submission/xgb_l1f0_preds', '../submission/cat_MAE_preds']\n",
    "files"
   ]
  },
  {
   "cell_type": "code",
   "execution_count": 6,
   "metadata": {
    "collapsed": false
   },
   "outputs": [],
   "source": [
    "preds=[pd.read_csv(filename,index_col=0) for filename in files]"
   ]
  },
  {
   "cell_type": "code",
   "execution_count": 7,
   "metadata": {
    "collapsed": true
   },
   "outputs": [],
   "source": [
    "col='201710'\n",
    "columns=[u.split('/')[-1].replace('_preds',\"\").replace(\"_regression\",\"\") for u in files]"
   ]
  },
  {
   "cell_type": "code",
   "execution_count": 8,
   "metadata": {
    "collapsed": true
   },
   "outputs": [],
   "source": [
    "def f(preds,columns):\n",
    "    subpred=pd.concat([df[col] for df in preds],axis=1)\n",
    "    subpred.columns=columns\n",
    "    corrs=subpred.corr()\n",
    "    display(corrs)\n",
    "    corrs=corrs.values.copy()\n",
    "    corrs[corrs==1]=-10\n",
    "    max_corr= corrs.max()\n",
    "    i,j =np.where(corrs==max_corr)[0]\n",
    "    col1=columns[i]\n",
    "    col2=columns[j]\n",
    "    retpreds=[u for k,u in enumerate(preds) if k not in [i,j]]\n",
    "    retcols=[u for k,u in enumerate(columns) if k not in [i,j]]\n",
    "    newdf=(preds[i]+preds[j])/2.0\n",
    "    newcol=\"-\".join([col1,col2])\n",
    "    print \"create\",newcol, \"with\",max_corr\n",
    "    retpreds.append(newdf)\n",
    "    retcols.append(newcol)\n",
    "    return retpreds,retcols"
   ]
  },
  {
   "cell_type": "code",
   "execution_count": 9,
   "metadata": {
    "collapsed": true
   },
   "outputs": [],
   "source": [
    "this_preds=preds\n",
    "this_cols=columns"
   ]
  },
  {
   "cell_type": "code",
   "execution_count": 10,
   "metadata": {
    "collapsed": false,
    "scrolled": false
   },
   "outputs": [
    {
     "data": {
      "text/html": [
       "<div>\n",
       "<table border=\"1\" class=\"dataframe\">\n",
       "  <thead>\n",
       "    <tr style=\"text-align: right;\">\n",
       "      <th></th>\n",
       "      <th>lgb_fair</th>\n",
       "      <th>lgb_huber</th>\n",
       "      <th>lgb_l1f1</th>\n",
       "      <th>lgb_l1f2</th>\n",
       "      <th>lgb_l1f4</th>\n",
       "      <th>lgb_l1</th>\n",
       "      <th>xgb_l1f0</th>\n",
       "      <th>cat_MAE</th>\n",
       "    </tr>\n",
       "  </thead>\n",
       "  <tbody>\n",
       "    <tr>\n",
       "      <th>lgb_fair</th>\n",
       "      <td>1.000000</td>\n",
       "      <td>0.973685</td>\n",
       "      <td>0.979876</td>\n",
       "      <td>0.956970</td>\n",
       "      <td>0.947668</td>\n",
       "      <td>0.976428</td>\n",
       "      <td>0.936144</td>\n",
       "      <td>0.928155</td>\n",
       "    </tr>\n",
       "    <tr>\n",
       "      <th>lgb_huber</th>\n",
       "      <td>0.973685</td>\n",
       "      <td>1.000000</td>\n",
       "      <td>0.989757</td>\n",
       "      <td>0.990651</td>\n",
       "      <td>0.980902</td>\n",
       "      <td>0.986480</td>\n",
       "      <td>0.920317</td>\n",
       "      <td>0.904309</td>\n",
       "    </tr>\n",
       "    <tr>\n",
       "      <th>lgb_l1f1</th>\n",
       "      <td>0.979876</td>\n",
       "      <td>0.989757</td>\n",
       "      <td>1.000000</td>\n",
       "      <td>0.988109</td>\n",
       "      <td>0.975801</td>\n",
       "      <td>0.994528</td>\n",
       "      <td>0.919549</td>\n",
       "      <td>0.906120</td>\n",
       "    </tr>\n",
       "    <tr>\n",
       "      <th>lgb_l1f2</th>\n",
       "      <td>0.956970</td>\n",
       "      <td>0.990651</td>\n",
       "      <td>0.988109</td>\n",
       "      <td>1.000000</td>\n",
       "      <td>0.992201</td>\n",
       "      <td>0.982674</td>\n",
       "      <td>0.918697</td>\n",
       "      <td>0.899333</td>\n",
       "    </tr>\n",
       "    <tr>\n",
       "      <th>lgb_l1f4</th>\n",
       "      <td>0.947668</td>\n",
       "      <td>0.980902</td>\n",
       "      <td>0.975801</td>\n",
       "      <td>0.992201</td>\n",
       "      <td>1.000000</td>\n",
       "      <td>0.974295</td>\n",
       "      <td>0.930949</td>\n",
       "      <td>0.906556</td>\n",
       "    </tr>\n",
       "    <tr>\n",
       "      <th>lgb_l1</th>\n",
       "      <td>0.976428</td>\n",
       "      <td>0.986480</td>\n",
       "      <td>0.994528</td>\n",
       "      <td>0.982674</td>\n",
       "      <td>0.974295</td>\n",
       "      <td>1.000000</td>\n",
       "      <td>0.918246</td>\n",
       "      <td>0.904841</td>\n",
       "    </tr>\n",
       "    <tr>\n",
       "      <th>xgb_l1f0</th>\n",
       "      <td>0.936144</td>\n",
       "      <td>0.920317</td>\n",
       "      <td>0.919549</td>\n",
       "      <td>0.918697</td>\n",
       "      <td>0.930949</td>\n",
       "      <td>0.918246</td>\n",
       "      <td>1.000000</td>\n",
       "      <td>0.944911</td>\n",
       "    </tr>\n",
       "    <tr>\n",
       "      <th>cat_MAE</th>\n",
       "      <td>0.928155</td>\n",
       "      <td>0.904309</td>\n",
       "      <td>0.906120</td>\n",
       "      <td>0.899333</td>\n",
       "      <td>0.906556</td>\n",
       "      <td>0.904841</td>\n",
       "      <td>0.944911</td>\n",
       "      <td>1.000000</td>\n",
       "    </tr>\n",
       "  </tbody>\n",
       "</table>\n",
       "</div>"
      ],
      "text/plain": [
       "           lgb_fair  lgb_huber  lgb_l1f1  lgb_l1f2  lgb_l1f4    lgb_l1  \\\n",
       "lgb_fair   1.000000   0.973685  0.979876  0.956970  0.947668  0.976428   \n",
       "lgb_huber  0.973685   1.000000  0.989757  0.990651  0.980902  0.986480   \n",
       "lgb_l1f1   0.979876   0.989757  1.000000  0.988109  0.975801  0.994528   \n",
       "lgb_l1f2   0.956970   0.990651  0.988109  1.000000  0.992201  0.982674   \n",
       "lgb_l1f4   0.947668   0.980902  0.975801  0.992201  1.000000  0.974295   \n",
       "lgb_l1     0.976428   0.986480  0.994528  0.982674  0.974295  1.000000   \n",
       "xgb_l1f0   0.936144   0.920317  0.919549  0.918697  0.930949  0.918246   \n",
       "cat_MAE    0.928155   0.904309  0.906120  0.899333  0.906556  0.904841   \n",
       "\n",
       "           xgb_l1f0   cat_MAE  \n",
       "lgb_fair   0.936144  0.928155  \n",
       "lgb_huber  0.920317  0.904309  \n",
       "lgb_l1f1   0.919549  0.906120  \n",
       "lgb_l1f2   0.918697  0.899333  \n",
       "lgb_l1f4   0.930949  0.906556  \n",
       "lgb_l1     0.918246  0.904841  \n",
       "xgb_l1f0   1.000000  0.944911  \n",
       "cat_MAE    0.944911  1.000000  "
      ]
     },
     "metadata": {},
     "output_type": "display_data"
    },
    {
     "name": "stdout",
     "output_type": "stream",
     "text": [
      "create lgb_l1f1-lgb_l1 with 0.994527606338\n"
     ]
    },
    {
     "data": {
      "text/html": [
       "<div>\n",
       "<table border=\"1\" class=\"dataframe\">\n",
       "  <thead>\n",
       "    <tr style=\"text-align: right;\">\n",
       "      <th></th>\n",
       "      <th>lgb_fair</th>\n",
       "      <th>lgb_huber</th>\n",
       "      <th>lgb_l1f2</th>\n",
       "      <th>lgb_l1f4</th>\n",
       "      <th>xgb_l1f0</th>\n",
       "      <th>cat_MAE</th>\n",
       "      <th>lgb_l1f1-lgb_l1</th>\n",
       "    </tr>\n",
       "  </thead>\n",
       "  <tbody>\n",
       "    <tr>\n",
       "      <th>lgb_fair</th>\n",
       "      <td>1.000000</td>\n",
       "      <td>0.973685</td>\n",
       "      <td>0.956970</td>\n",
       "      <td>0.947668</td>\n",
       "      <td>0.936144</td>\n",
       "      <td>0.928155</td>\n",
       "      <td>0.979533</td>\n",
       "    </tr>\n",
       "    <tr>\n",
       "      <th>lgb_huber</th>\n",
       "      <td>0.973685</td>\n",
       "      <td>1.000000</td>\n",
       "      <td>0.990651</td>\n",
       "      <td>0.980902</td>\n",
       "      <td>0.920317</td>\n",
       "      <td>0.904309</td>\n",
       "      <td>0.989511</td>\n",
       "    </tr>\n",
       "    <tr>\n",
       "      <th>lgb_l1f2</th>\n",
       "      <td>0.956970</td>\n",
       "      <td>0.990651</td>\n",
       "      <td>1.000000</td>\n",
       "      <td>0.992201</td>\n",
       "      <td>0.918697</td>\n",
       "      <td>0.899333</td>\n",
       "      <td>0.986806</td>\n",
       "    </tr>\n",
       "    <tr>\n",
       "      <th>lgb_l1f4</th>\n",
       "      <td>0.947668</td>\n",
       "      <td>0.980902</td>\n",
       "      <td>0.992201</td>\n",
       "      <td>1.000000</td>\n",
       "      <td>0.930949</td>\n",
       "      <td>0.906556</td>\n",
       "      <td>0.976402</td>\n",
       "    </tr>\n",
       "    <tr>\n",
       "      <th>xgb_l1f0</th>\n",
       "      <td>0.936144</td>\n",
       "      <td>0.920317</td>\n",
       "      <td>0.918697</td>\n",
       "      <td>0.930949</td>\n",
       "      <td>1.000000</td>\n",
       "      <td>0.944911</td>\n",
       "      <td>0.920172</td>\n",
       "    </tr>\n",
       "    <tr>\n",
       "      <th>cat_MAE</th>\n",
       "      <td>0.928155</td>\n",
       "      <td>0.904309</td>\n",
       "      <td>0.899333</td>\n",
       "      <td>0.906556</td>\n",
       "      <td>0.944911</td>\n",
       "      <td>1.000000</td>\n",
       "      <td>0.906736</td>\n",
       "    </tr>\n",
       "    <tr>\n",
       "      <th>lgb_l1f1-lgb_l1</th>\n",
       "      <td>0.979533</td>\n",
       "      <td>0.989511</td>\n",
       "      <td>0.986806</td>\n",
       "      <td>0.976402</td>\n",
       "      <td>0.920172</td>\n",
       "      <td>0.906736</td>\n",
       "      <td>1.000000</td>\n",
       "    </tr>\n",
       "  </tbody>\n",
       "</table>\n",
       "</div>"
      ],
      "text/plain": [
       "                 lgb_fair  lgb_huber  lgb_l1f2  lgb_l1f4  xgb_l1f0   cat_MAE  \\\n",
       "lgb_fair         1.000000   0.973685  0.956970  0.947668  0.936144  0.928155   \n",
       "lgb_huber        0.973685   1.000000  0.990651  0.980902  0.920317  0.904309   \n",
       "lgb_l1f2         0.956970   0.990651  1.000000  0.992201  0.918697  0.899333   \n",
       "lgb_l1f4         0.947668   0.980902  0.992201  1.000000  0.930949  0.906556   \n",
       "xgb_l1f0         0.936144   0.920317  0.918697  0.930949  1.000000  0.944911   \n",
       "cat_MAE          0.928155   0.904309  0.899333  0.906556  0.944911  1.000000   \n",
       "lgb_l1f1-lgb_l1  0.979533   0.989511  0.986806  0.976402  0.920172  0.906736   \n",
       "\n",
       "                 lgb_l1f1-lgb_l1  \n",
       "lgb_fair                0.979533  \n",
       "lgb_huber               0.989511  \n",
       "lgb_l1f2                0.986806  \n",
       "lgb_l1f4                0.976402  \n",
       "xgb_l1f0                0.920172  \n",
       "cat_MAE                 0.906736  \n",
       "lgb_l1f1-lgb_l1         1.000000  "
      ]
     },
     "metadata": {},
     "output_type": "display_data"
    },
    {
     "name": "stdout",
     "output_type": "stream",
     "text": [
      "create lgb_l1f2-lgb_l1f4 with 0.992201098199\n"
     ]
    },
    {
     "data": {
      "text/html": [
       "<div>\n",
       "<table border=\"1\" class=\"dataframe\">\n",
       "  <thead>\n",
       "    <tr style=\"text-align: right;\">\n",
       "      <th></th>\n",
       "      <th>lgb_fair</th>\n",
       "      <th>lgb_huber</th>\n",
       "      <th>xgb_l1f0</th>\n",
       "      <th>cat_MAE</th>\n",
       "      <th>lgb_l1f1-lgb_l1</th>\n",
       "      <th>lgb_l1f2-lgb_l1f4</th>\n",
       "    </tr>\n",
       "  </thead>\n",
       "  <tbody>\n",
       "    <tr>\n",
       "      <th>lgb_fair</th>\n",
       "      <td>1.000000</td>\n",
       "      <td>0.973685</td>\n",
       "      <td>0.936144</td>\n",
       "      <td>0.928155</td>\n",
       "      <td>0.979533</td>\n",
       "      <td>0.954170</td>\n",
       "    </tr>\n",
       "    <tr>\n",
       "      <th>lgb_huber</th>\n",
       "      <td>0.973685</td>\n",
       "      <td>1.000000</td>\n",
       "      <td>0.920317</td>\n",
       "      <td>0.904309</td>\n",
       "      <td>0.989511</td>\n",
       "      <td>0.987693</td>\n",
       "    </tr>\n",
       "    <tr>\n",
       "      <th>xgb_l1f0</th>\n",
       "      <td>0.936144</td>\n",
       "      <td>0.920317</td>\n",
       "      <td>1.000000</td>\n",
       "      <td>0.944911</td>\n",
       "      <td>0.920172</td>\n",
       "      <td>0.926646</td>\n",
       "    </tr>\n",
       "    <tr>\n",
       "      <th>cat_MAE</th>\n",
       "      <td>0.928155</td>\n",
       "      <td>0.904309</td>\n",
       "      <td>0.944911</td>\n",
       "      <td>1.000000</td>\n",
       "      <td>0.906736</td>\n",
       "      <td>0.904719</td>\n",
       "    </tr>\n",
       "    <tr>\n",
       "      <th>lgb_l1f1-lgb_l1</th>\n",
       "      <td>0.979533</td>\n",
       "      <td>0.989511</td>\n",
       "      <td>0.920172</td>\n",
       "      <td>0.906736</td>\n",
       "      <td>1.000000</td>\n",
       "      <td>0.983511</td>\n",
       "    </tr>\n",
       "    <tr>\n",
       "      <th>lgb_l1f2-lgb_l1f4</th>\n",
       "      <td>0.954170</td>\n",
       "      <td>0.987693</td>\n",
       "      <td>0.926646</td>\n",
       "      <td>0.904719</td>\n",
       "      <td>0.983511</td>\n",
       "      <td>1.000000</td>\n",
       "    </tr>\n",
       "  </tbody>\n",
       "</table>\n",
       "</div>"
      ],
      "text/plain": [
       "                   lgb_fair  lgb_huber  xgb_l1f0   cat_MAE  lgb_l1f1-lgb_l1  \\\n",
       "lgb_fair           1.000000   0.973685  0.936144  0.928155         0.979533   \n",
       "lgb_huber          0.973685   1.000000  0.920317  0.904309         0.989511   \n",
       "xgb_l1f0           0.936144   0.920317  1.000000  0.944911         0.920172   \n",
       "cat_MAE            0.928155   0.904309  0.944911  1.000000         0.906736   \n",
       "lgb_l1f1-lgb_l1    0.979533   0.989511  0.920172  0.906736         1.000000   \n",
       "lgb_l1f2-lgb_l1f4  0.954170   0.987693  0.926646  0.904719         0.983511   \n",
       "\n",
       "                   lgb_l1f2-lgb_l1f4  \n",
       "lgb_fair                    0.954170  \n",
       "lgb_huber                   0.987693  \n",
       "xgb_l1f0                    0.926646  \n",
       "cat_MAE                     0.904719  \n",
       "lgb_l1f1-lgb_l1             0.983511  \n",
       "lgb_l1f2-lgb_l1f4           1.000000  "
      ]
     },
     "metadata": {},
     "output_type": "display_data"
    },
    {
     "name": "stdout",
     "output_type": "stream",
     "text": [
      "create lgb_huber-lgb_l1f1-lgb_l1 with 0.989511283234\n"
     ]
    },
    {
     "data": {
      "text/html": [
       "<div>\n",
       "<table border=\"1\" class=\"dataframe\">\n",
       "  <thead>\n",
       "    <tr style=\"text-align: right;\">\n",
       "      <th></th>\n",
       "      <th>lgb_fair</th>\n",
       "      <th>xgb_l1f0</th>\n",
       "      <th>cat_MAE</th>\n",
       "      <th>lgb_l1f2-lgb_l1f4</th>\n",
       "      <th>lgb_huber-lgb_l1f1-lgb_l1</th>\n",
       "    </tr>\n",
       "  </thead>\n",
       "  <tbody>\n",
       "    <tr>\n",
       "      <th>lgb_fair</th>\n",
       "      <td>1.000000</td>\n",
       "      <td>0.936144</td>\n",
       "      <td>0.928155</td>\n",
       "      <td>0.954170</td>\n",
       "      <td>0.979204</td>\n",
       "    </tr>\n",
       "    <tr>\n",
       "      <th>xgb_l1f0</th>\n",
       "      <td>0.936144</td>\n",
       "      <td>1.000000</td>\n",
       "      <td>0.944911</td>\n",
       "      <td>0.926646</td>\n",
       "      <td>0.922667</td>\n",
       "    </tr>\n",
       "    <tr>\n",
       "      <th>cat_MAE</th>\n",
       "      <td>0.928155</td>\n",
       "      <td>0.944911</td>\n",
       "      <td>1.000000</td>\n",
       "      <td>0.904719</td>\n",
       "      <td>0.907917</td>\n",
       "    </tr>\n",
       "    <tr>\n",
       "      <th>lgb_l1f2-lgb_l1f4</th>\n",
       "      <td>0.954170</td>\n",
       "      <td>0.926646</td>\n",
       "      <td>0.904719</td>\n",
       "      <td>1.000000</td>\n",
       "      <td>0.988179</td>\n",
       "    </tr>\n",
       "    <tr>\n",
       "      <th>lgb_huber-lgb_l1f1-lgb_l1</th>\n",
       "      <td>0.979204</td>\n",
       "      <td>0.922667</td>\n",
       "      <td>0.907917</td>\n",
       "      <td>0.988179</td>\n",
       "      <td>1.000000</td>\n",
       "    </tr>\n",
       "  </tbody>\n",
       "</table>\n",
       "</div>"
      ],
      "text/plain": [
       "                           lgb_fair  xgb_l1f0   cat_MAE  lgb_l1f2-lgb_l1f4  \\\n",
       "lgb_fair                   1.000000  0.936144  0.928155           0.954170   \n",
       "xgb_l1f0                   0.936144  1.000000  0.944911           0.926646   \n",
       "cat_MAE                    0.928155  0.944911  1.000000           0.904719   \n",
       "lgb_l1f2-lgb_l1f4          0.954170  0.926646  0.904719           1.000000   \n",
       "lgb_huber-lgb_l1f1-lgb_l1  0.979204  0.922667  0.907917           0.988179   \n",
       "\n",
       "                           lgb_huber-lgb_l1f1-lgb_l1  \n",
       "lgb_fair                                    0.979204  \n",
       "xgb_l1f0                                    0.922667  \n",
       "cat_MAE                                     0.907917  \n",
       "lgb_l1f2-lgb_l1f4                           0.988179  \n",
       "lgb_huber-lgb_l1f1-lgb_l1                   1.000000  "
      ]
     },
     "metadata": {},
     "output_type": "display_data"
    },
    {
     "name": "stdout",
     "output_type": "stream",
     "text": [
      "create lgb_l1f2-lgb_l1f4-lgb_huber-lgb_l1f1-lgb_l1 with 0.988179039648\n"
     ]
    },
    {
     "data": {
      "text/html": [
       "<div>\n",
       "<table border=\"1\" class=\"dataframe\">\n",
       "  <thead>\n",
       "    <tr style=\"text-align: right;\">\n",
       "      <th></th>\n",
       "      <th>lgb_fair</th>\n",
       "      <th>xgb_l1f0</th>\n",
       "      <th>cat_MAE</th>\n",
       "      <th>lgb_l1f2-lgb_l1f4-lgb_huber-lgb_l1f1-lgb_l1</th>\n",
       "    </tr>\n",
       "  </thead>\n",
       "  <tbody>\n",
       "    <tr>\n",
       "      <th>lgb_fair</th>\n",
       "      <td>1.000000</td>\n",
       "      <td>0.936144</td>\n",
       "      <td>0.928155</td>\n",
       "      <td>0.969143</td>\n",
       "    </tr>\n",
       "    <tr>\n",
       "      <th>xgb_l1f0</th>\n",
       "      <td>0.936144</td>\n",
       "      <td>1.000000</td>\n",
       "      <td>0.944911</td>\n",
       "      <td>0.927463</td>\n",
       "    </tr>\n",
       "    <tr>\n",
       "      <th>cat_MAE</th>\n",
       "      <td>0.928155</td>\n",
       "      <td>0.944911</td>\n",
       "      <td>1.000000</td>\n",
       "      <td>0.908953</td>\n",
       "    </tr>\n",
       "    <tr>\n",
       "      <th>lgb_l1f2-lgb_l1f4-lgb_huber-lgb_l1f1-lgb_l1</th>\n",
       "      <td>0.969143</td>\n",
       "      <td>0.927463</td>\n",
       "      <td>0.908953</td>\n",
       "      <td>1.000000</td>\n",
       "    </tr>\n",
       "  </tbody>\n",
       "</table>\n",
       "</div>"
      ],
      "text/plain": [
       "                                             lgb_fair  xgb_l1f0   cat_MAE  \\\n",
       "lgb_fair                                     1.000000  0.936144  0.928155   \n",
       "xgb_l1f0                                     0.936144  1.000000  0.944911   \n",
       "cat_MAE                                      0.928155  0.944911  1.000000   \n",
       "lgb_l1f2-lgb_l1f4-lgb_huber-lgb_l1f1-lgb_l1  0.969143  0.927463  0.908953   \n",
       "\n",
       "                                             lgb_l1f2-lgb_l1f4-lgb_huber-lgb_l1f1-lgb_l1  \n",
       "lgb_fair                                                                        0.969143  \n",
       "xgb_l1f0                                                                        0.927463  \n",
       "cat_MAE                                                                         0.908953  \n",
       "lgb_l1f2-lgb_l1f4-lgb_huber-lgb_l1f1-lgb_l1                                     1.000000  "
      ]
     },
     "metadata": {},
     "output_type": "display_data"
    },
    {
     "name": "stdout",
     "output_type": "stream",
     "text": [
      "create lgb_fair-lgb_l1f2-lgb_l1f4-lgb_huber-lgb_l1f1-lgb_l1 with 0.969142682074\n"
     ]
    },
    {
     "data": {
      "text/html": [
       "<div>\n",
       "<table border=\"1\" class=\"dataframe\">\n",
       "  <thead>\n",
       "    <tr style=\"text-align: right;\">\n",
       "      <th></th>\n",
       "      <th>xgb_l1f0</th>\n",
       "      <th>cat_MAE</th>\n",
       "      <th>lgb_fair-lgb_l1f2-lgb_l1f4-lgb_huber-lgb_l1f1-lgb_l1</th>\n",
       "    </tr>\n",
       "  </thead>\n",
       "  <tbody>\n",
       "    <tr>\n",
       "      <th>xgb_l1f0</th>\n",
       "      <td>1.000000</td>\n",
       "      <td>0.944911</td>\n",
       "      <td>0.938747</td>\n",
       "    </tr>\n",
       "    <tr>\n",
       "      <th>cat_MAE</th>\n",
       "      <td>0.944911</td>\n",
       "      <td>1.000000</td>\n",
       "      <td>0.925036</td>\n",
       "    </tr>\n",
       "    <tr>\n",
       "      <th>lgb_fair-lgb_l1f2-lgb_l1f4-lgb_huber-lgb_l1f1-lgb_l1</th>\n",
       "      <td>0.938747</td>\n",
       "      <td>0.925036</td>\n",
       "      <td>1.000000</td>\n",
       "    </tr>\n",
       "  </tbody>\n",
       "</table>\n",
       "</div>"
      ],
      "text/plain": [
       "                                                    xgb_l1f0   cat_MAE  \\\n",
       "xgb_l1f0                                            1.000000  0.944911   \n",
       "cat_MAE                                             0.944911  1.000000   \n",
       "lgb_fair-lgb_l1f2-lgb_l1f4-lgb_huber-lgb_l1f1-l...  0.938747  0.925036   \n",
       "\n",
       "                                                    lgb_fair-lgb_l1f2-lgb_l1f4-lgb_huber-lgb_l1f1-lgb_l1  \n",
       "xgb_l1f0                                                                                     0.938747     \n",
       "cat_MAE                                                                                      0.925036     \n",
       "lgb_fair-lgb_l1f2-lgb_l1f4-lgb_huber-lgb_l1f1-l...                                           1.000000     "
      ]
     },
     "metadata": {},
     "output_type": "display_data"
    },
    {
     "name": "stdout",
     "output_type": "stream",
     "text": [
      "create xgb_l1f0-cat_MAE with 0.944911040378\n"
     ]
    },
    {
     "data": {
      "text/html": [
       "<div>\n",
       "<table border=\"1\" class=\"dataframe\">\n",
       "  <thead>\n",
       "    <tr style=\"text-align: right;\">\n",
       "      <th></th>\n",
       "      <th>lgb_fair-lgb_l1f2-lgb_l1f4-lgb_huber-lgb_l1f1-lgb_l1</th>\n",
       "      <th>xgb_l1f0-cat_MAE</th>\n",
       "    </tr>\n",
       "  </thead>\n",
       "  <tbody>\n",
       "    <tr>\n",
       "      <th>lgb_fair-lgb_l1f2-lgb_l1f4-lgb_huber-lgb_l1f1-lgb_l1</th>\n",
       "      <td>1.000000</td>\n",
       "      <td>0.944947</td>\n",
       "    </tr>\n",
       "    <tr>\n",
       "      <th>xgb_l1f0-cat_MAE</th>\n",
       "      <td>0.944947</td>\n",
       "      <td>1.000000</td>\n",
       "    </tr>\n",
       "  </tbody>\n",
       "</table>\n",
       "</div>"
      ],
      "text/plain": [
       "                                                    lgb_fair-lgb_l1f2-lgb_l1f4-lgb_huber-lgb_l1f1-lgb_l1  \\\n",
       "lgb_fair-lgb_l1f2-lgb_l1f4-lgb_huber-lgb_l1f1-l...                                           1.000000      \n",
       "xgb_l1f0-cat_MAE                                                                             0.944947      \n",
       "\n",
       "                                                    xgb_l1f0-cat_MAE  \n",
       "lgb_fair-lgb_l1f2-lgb_l1f4-lgb_huber-lgb_l1f1-l...          0.944947  \n",
       "xgb_l1f0-cat_MAE                                            1.000000  "
      ]
     },
     "metadata": {},
     "output_type": "display_data"
    },
    {
     "name": "stdout",
     "output_type": "stream",
     "text": [
      "create lgb_fair-lgb_l1f2-lgb_l1f4-lgb_huber-lgb_l1f1-lgb_l1-xgb_l1f0-cat_MAE with 0.944946646834\n"
     ]
    }
   ],
   "source": [
    "while len(this_preds)>1:\n",
    "    this_preds,this_cols=f(this_preds,this_cols)"
   ]
  },
  {
   "cell_type": "code",
   "execution_count": null,
   "metadata": {
    "collapsed": true
   },
   "outputs": [],
   "source": []
  },
  {
   "cell_type": "code",
   "execution_count": 11,
   "metadata": {
    "collapsed": false
   },
   "outputs": [],
   "source": [
    "df1=this_preds[0]"
   ]
  },
  {
   "cell_type": "code",
   "execution_count": 12,
   "metadata": {
    "collapsed": true
   },
   "outputs": [],
   "source": [
    "df1.index.name = 'ParcelId'"
   ]
  },
  {
   "cell_type": "code",
   "execution_count": 13,
   "metadata": {
    "collapsed": false
   },
   "outputs": [
    {
     "data": {
      "text/html": [
       "<div>\n",
       "<table border=\"1\" class=\"dataframe\">\n",
       "  <thead>\n",
       "    <tr style=\"text-align: right;\">\n",
       "      <th></th>\n",
       "      <th>201610</th>\n",
       "      <th>201611</th>\n",
       "      <th>201612</th>\n",
       "      <th>201710</th>\n",
       "      <th>201711</th>\n",
       "      <th>201712</th>\n",
       "    </tr>\n",
       "    <tr>\n",
       "      <th>ParcelId</th>\n",
       "      <th></th>\n",
       "      <th></th>\n",
       "      <th></th>\n",
       "      <th></th>\n",
       "      <th></th>\n",
       "      <th></th>\n",
       "    </tr>\n",
       "  </thead>\n",
       "  <tbody>\n",
       "    <tr>\n",
       "      <th>10754147</th>\n",
       "      <td>0.012707</td>\n",
       "      <td>0.013752</td>\n",
       "      <td>0.014304</td>\n",
       "      <td>0.015164</td>\n",
       "      <td>0.016163</td>\n",
       "      <td>0.016695</td>\n",
       "    </tr>\n",
       "    <tr>\n",
       "      <th>10759547</th>\n",
       "      <td>-0.002405</td>\n",
       "      <td>-0.001369</td>\n",
       "      <td>-0.000716</td>\n",
       "      <td>-0.000092</td>\n",
       "      <td>0.000894</td>\n",
       "      <td>0.001525</td>\n",
       "    </tr>\n",
       "    <tr>\n",
       "      <th>10843547</th>\n",
       "      <td>0.011716</td>\n",
       "      <td>0.012071</td>\n",
       "      <td>0.012060</td>\n",
       "      <td>0.019052</td>\n",
       "      <td>0.019340</td>\n",
       "      <td>0.019352</td>\n",
       "    </tr>\n",
       "    <tr>\n",
       "      <th>10859147</th>\n",
       "      <td>0.040981</td>\n",
       "      <td>0.041479</td>\n",
       "      <td>0.041663</td>\n",
       "      <td>0.041116</td>\n",
       "      <td>0.041600</td>\n",
       "      <td>0.041804</td>\n",
       "    </tr>\n",
       "    <tr>\n",
       "      <th>10879947</th>\n",
       "      <td>0.019136</td>\n",
       "      <td>0.019807</td>\n",
       "      <td>0.020171</td>\n",
       "      <td>0.021639</td>\n",
       "      <td>0.022255</td>\n",
       "      <td>0.022617</td>\n",
       "    </tr>\n",
       "  </tbody>\n",
       "</table>\n",
       "</div>"
      ],
      "text/plain": [
       "            201610    201611    201612    201710    201711    201712\n",
       "ParcelId                                                            \n",
       "10754147  0.012707  0.013752  0.014304  0.015164  0.016163  0.016695\n",
       "10759547 -0.002405 -0.001369 -0.000716 -0.000092  0.000894  0.001525\n",
       "10843547  0.011716  0.012071  0.012060  0.019052  0.019340  0.019352\n",
       "10859147  0.040981  0.041479  0.041663  0.041116  0.041600  0.041804\n",
       "10879947  0.019136  0.019807  0.020171  0.021639  0.022255  0.022617"
      ]
     },
     "execution_count": 13,
     "metadata": {},
     "output_type": "execute_result"
    }
   ],
   "source": [
    "df1.head()"
   ]
  },
  {
   "cell_type": "code",
   "execution_count": 14,
   "metadata": {
    "collapsed": true
   },
   "outputs": [],
   "source": [
    "sample=pd.read_csv(\"../input/sample_submission.csv\",index_col=0)\n",
    "assert (df1.columns==sample.columns).all()\n",
    "assert (df1.index==sample.index).all()"
   ]
  },
  {
   "cell_type": "code",
   "execution_count": 15,
   "metadata": {
    "collapsed": false
   },
   "outputs": [],
   "source": [
    "df1.to_csv(\"../submission/sub_pred3.csv\",float_format=\"%.6f\")"
   ]
  },
  {
   "cell_type": "code",
   "execution_count": null,
   "metadata": {
    "collapsed": true
   },
   "outputs": [],
   "source": []
  }
 ],
 "metadata": {
  "kernelspec": {
   "display_name": "Python 2",
   "language": "python",
   "name": "python2"
  },
  "language_info": {
   "codemirror_mode": {
    "name": "ipython",
    "version": 2
   },
   "file_extension": ".py",
   "mimetype": "text/x-python",
   "name": "python",
   "nbconvert_exporter": "python",
   "pygments_lexer": "ipython2",
   "version": "2.7.13"
  }
 },
 "nbformat": 4,
 "nbformat_minor": 2
}
