{
 "cells": [
  {
   "cell_type": "code",
   "execution_count": 1,
   "metadata": {
    "collapsed": false
   },
   "outputs": [
    {
     "name": "stdout",
     "output_type": "stream",
     "text": [
      "Populating the interactive namespace from numpy and matplotlib\n"
     ]
    }
   ],
   "source": [
    "%pylab inline\n",
    "import pandas as pd"
   ]
  },
  {
   "cell_type": "code",
   "execution_count": 2,
   "metadata": {
    "collapsed": false
   },
   "outputs": [
    {
     "data": {
      "text/plain": [
       "['../submission/lgb_fair_preds',\n",
       " '../submission/lgb_huber_preds',\n",
       " '../submission/lgb_regression_l1f1_preds',\n",
       " '../submission/lgb_regression_l1f2_preds',\n",
       " '../submission/lgb_regression_l1f4_preds',\n",
       " '../submission/lgb_regression_l1f6_preds',\n",
       " '../submission/lgb_regression_l1_preds',\n",
       " '../submission/xgb_l1f0_preds',\n",
       " '../submission/xgb_l1f1_preds',\n",
       " '../submission/xgb_l1f2_preds',\n",
       " '../submission/xgb_l1f4_preds',\n",
       " '../submission/xgb_l1f6_preds',\n",
       " '../submission/xgb_l1f7_preds',\n",
       " '../submission/cat_L1F1_preds',\n",
       " '../submission/cat_L1F2_preds',\n",
       " '../submission/cat_L1F4_preds',\n",
       " '../submission/cat_L1F6_preds',\n",
       " '../submission/cat_L1F7_preds',\n",
       " '../submission/cat_MAE_preds']"
      ]
     },
     "execution_count": 2,
     "metadata": {},
     "output_type": "execute_result"
    }
   ],
   "source": [
    "files1=!ls ../submission/lgb*\n",
    "files2=!ls ../submission/xgb*\n",
    "files3=!ls ../submission/cat*\n",
    "files=files1+files2+files3\n",
    "files"
   ]
  },
  {
   "cell_type": "code",
   "execution_count": 3,
   "metadata": {
    "collapsed": false
   },
   "outputs": [],
   "source": [
    "preds=[pd.read_csv(filename,index_col=0) for filename in files]"
   ]
  },
  {
   "cell_type": "code",
   "execution_count": 5,
   "metadata": {
    "collapsed": true
   },
   "outputs": [],
   "source": [
    "col='201710'\n",
    "columns=[u.split('/')[-1].replace('_preds',\"\").replace(\"_regression\",\"\") for u in files]"
   ]
  },
  {
   "cell_type": "code",
   "execution_count": 24,
   "metadata": {
    "collapsed": true
   },
   "outputs": [],
   "source": [
    "def f(preds,columns):\n",
    "    subpred=pd.concat([df[col] for df in preds],axis=1)\n",
    "    subpred.columns=columns\n",
    "    corrs=subpred.corr()\n",
    "    display(corrs)\n",
    "    corrs=corrs.values.copy()\n",
    "    corrs[corrs==1]=-10\n",
    "    max_corr= corrs.max()\n",
    "    i,j =np.where(corrs==max_corr)[0]\n",
    "    col1=columns[i]\n",
    "    col2=columns[j]\n",
    "    retpreds=[u for k,u in enumerate(preds) if k not in [i,j]]\n",
    "    retcols=[u for k,u in enumerate(columns) if k not in [i,j]]\n",
    "    newdf=(preds[i]+preds[j])/2.0\n",
    "    newcol=\"-\".join([col1,col2])\n",
    "    print \"create\",newcol, \"with\",max_corr\n",
    "    retpreds.append(newdf)\n",
    "    retcols.append(newcol)\n",
    "    return retpreds,retcols"
   ]
  },
  {
   "cell_type": "code",
   "execution_count": 25,
   "metadata": {
    "collapsed": true
   },
   "outputs": [],
   "source": [
    "this_preds=preds\n",
    "this_cols=columns"
   ]
  },
  {
   "cell_type": "code",
   "execution_count": 26,
   "metadata": {
    "collapsed": false,
    "scrolled": false
   },
   "outputs": [
    {
     "data": {
      "text/html": [
       "<div>\n",
       "<table border=\"1\" class=\"dataframe\">\n",
       "  <thead>\n",
       "    <tr style=\"text-align: right;\">\n",
       "      <th></th>\n",
       "      <th>lgb_fair</th>\n",
       "      <th>lgb_huber</th>\n",
       "      <th>lgb_l1f1</th>\n",
       "      <th>lgb_l1f2</th>\n",
       "      <th>lgb_l1f4</th>\n",
       "      <th>lgb_l1f6</th>\n",
       "      <th>lgb_l1</th>\n",
       "      <th>xgb_l1f0</th>\n",
       "      <th>xgb_l1f1</th>\n",
       "      <th>xgb_l1f2</th>\n",
       "      <th>xgb_l1f4</th>\n",
       "      <th>xgb_l1f6</th>\n",
       "      <th>xgb_l1f7</th>\n",
       "      <th>cat_L1F1</th>\n",
       "      <th>cat_L1F2</th>\n",
       "      <th>cat_L1F4</th>\n",
       "      <th>cat_L1F6</th>\n",
       "      <th>cat_L1F7</th>\n",
       "      <th>cat_MAE</th>\n",
       "    </tr>\n",
       "  </thead>\n",
       "  <tbody>\n",
       "    <tr>\n",
       "      <th>lgb_fair</th>\n",
       "      <td>1.000000</td>\n",
       "      <td>0.973685</td>\n",
       "      <td>0.979876</td>\n",
       "      <td>0.956970</td>\n",
       "      <td>0.947668</td>\n",
       "      <td>0.869275</td>\n",
       "      <td>0.976428</td>\n",
       "      <td>0.936144</td>\n",
       "      <td>0.490593</td>\n",
       "      <td>0.341283</td>\n",
       "      <td>0.469957</td>\n",
       "      <td>0.599272</td>\n",
       "      <td>0.388351</td>\n",
       "      <td>0.599222</td>\n",
       "      <td>0.651465</td>\n",
       "      <td>0.601114</td>\n",
       "      <td>0.674616</td>\n",
       "      <td>0.645651</td>\n",
       "      <td>0.928155</td>\n",
       "    </tr>\n",
       "    <tr>\n",
       "      <th>lgb_huber</th>\n",
       "      <td>0.973685</td>\n",
       "      <td>1.000000</td>\n",
       "      <td>0.989757</td>\n",
       "      <td>0.990651</td>\n",
       "      <td>0.980902</td>\n",
       "      <td>0.825890</td>\n",
       "      <td>0.986480</td>\n",
       "      <td>0.920317</td>\n",
       "      <td>0.525990</td>\n",
       "      <td>0.350290</td>\n",
       "      <td>0.501817</td>\n",
       "      <td>0.635524</td>\n",
       "      <td>0.412297</td>\n",
       "      <td>0.587652</td>\n",
       "      <td>0.654987</td>\n",
       "      <td>0.597440</td>\n",
       "      <td>0.680102</td>\n",
       "      <td>0.654585</td>\n",
       "      <td>0.904309</td>\n",
       "    </tr>\n",
       "    <tr>\n",
       "      <th>lgb_l1f1</th>\n",
       "      <td>0.979876</td>\n",
       "      <td>0.989757</td>\n",
       "      <td>1.000000</td>\n",
       "      <td>0.988109</td>\n",
       "      <td>0.975801</td>\n",
       "      <td>0.832961</td>\n",
       "      <td>0.994528</td>\n",
       "      <td>0.919549</td>\n",
       "      <td>0.516843</td>\n",
       "      <td>0.355028</td>\n",
       "      <td>0.492649</td>\n",
       "      <td>0.631729</td>\n",
       "      <td>0.405501</td>\n",
       "      <td>0.589547</td>\n",
       "      <td>0.651206</td>\n",
       "      <td>0.594899</td>\n",
       "      <td>0.678186</td>\n",
       "      <td>0.647654</td>\n",
       "      <td>0.906120</td>\n",
       "    </tr>\n",
       "    <tr>\n",
       "      <th>lgb_l1f2</th>\n",
       "      <td>0.956970</td>\n",
       "      <td>0.990651</td>\n",
       "      <td>0.988109</td>\n",
       "      <td>1.000000</td>\n",
       "      <td>0.992201</td>\n",
       "      <td>0.802691</td>\n",
       "      <td>0.982674</td>\n",
       "      <td>0.918697</td>\n",
       "      <td>0.544344</td>\n",
       "      <td>0.359029</td>\n",
       "      <td>0.519167</td>\n",
       "      <td>0.651522</td>\n",
       "      <td>0.425275</td>\n",
       "      <td>0.593889</td>\n",
       "      <td>0.666148</td>\n",
       "      <td>0.605053</td>\n",
       "      <td>0.692676</td>\n",
       "      <td>0.666694</td>\n",
       "      <td>0.899333</td>\n",
       "    </tr>\n",
       "    <tr>\n",
       "      <th>lgb_l1f4</th>\n",
       "      <td>0.947668</td>\n",
       "      <td>0.980902</td>\n",
       "      <td>0.975801</td>\n",
       "      <td>0.992201</td>\n",
       "      <td>1.000000</td>\n",
       "      <td>0.788116</td>\n",
       "      <td>0.974295</td>\n",
       "      <td>0.930949</td>\n",
       "      <td>0.569054</td>\n",
       "      <td>0.365571</td>\n",
       "      <td>0.545880</td>\n",
       "      <td>0.677180</td>\n",
       "      <td>0.436942</td>\n",
       "      <td>0.610102</td>\n",
       "      <td>0.688150</td>\n",
       "      <td>0.623007</td>\n",
       "      <td>0.716277</td>\n",
       "      <td>0.689886</td>\n",
       "      <td>0.906556</td>\n",
       "    </tr>\n",
       "    <tr>\n",
       "      <th>lgb_l1f6</th>\n",
       "      <td>0.869275</td>\n",
       "      <td>0.825890</td>\n",
       "      <td>0.832961</td>\n",
       "      <td>0.802691</td>\n",
       "      <td>0.788116</td>\n",
       "      <td>1.000000</td>\n",
       "      <td>0.849344</td>\n",
       "      <td>0.828733</td>\n",
       "      <td>0.326644</td>\n",
       "      <td>0.246210</td>\n",
       "      <td>0.314027</td>\n",
       "      <td>0.353003</td>\n",
       "      <td>0.306157</td>\n",
       "      <td>0.427663</td>\n",
       "      <td>0.453374</td>\n",
       "      <td>0.438659</td>\n",
       "      <td>0.458476</td>\n",
       "      <td>0.467370</td>\n",
       "      <td>0.828698</td>\n",
       "    </tr>\n",
       "    <tr>\n",
       "      <th>lgb_l1</th>\n",
       "      <td>0.976428</td>\n",
       "      <td>0.986480</td>\n",
       "      <td>0.994528</td>\n",
       "      <td>0.982674</td>\n",
       "      <td>0.974295</td>\n",
       "      <td>0.849344</td>\n",
       "      <td>1.000000</td>\n",
       "      <td>0.918246</td>\n",
       "      <td>0.512367</td>\n",
       "      <td>0.348459</td>\n",
       "      <td>0.488648</td>\n",
       "      <td>0.626747</td>\n",
       "      <td>0.399915</td>\n",
       "      <td>0.584659</td>\n",
       "      <td>0.645684</td>\n",
       "      <td>0.590235</td>\n",
       "      <td>0.671007</td>\n",
       "      <td>0.644045</td>\n",
       "      <td>0.904841</td>\n",
       "    </tr>\n",
       "    <tr>\n",
       "      <th>xgb_l1f0</th>\n",
       "      <td>0.936144</td>\n",
       "      <td>0.920317</td>\n",
       "      <td>0.919549</td>\n",
       "      <td>0.918697</td>\n",
       "      <td>0.930949</td>\n",
       "      <td>0.828733</td>\n",
       "      <td>0.918246</td>\n",
       "      <td>1.000000</td>\n",
       "      <td>0.568108</td>\n",
       "      <td>0.402915</td>\n",
       "      <td>0.553999</td>\n",
       "      <td>0.650294</td>\n",
       "      <td>0.460970</td>\n",
       "      <td>0.618963</td>\n",
       "      <td>0.688538</td>\n",
       "      <td>0.626900</td>\n",
       "      <td>0.713093</td>\n",
       "      <td>0.688177</td>\n",
       "      <td>0.944911</td>\n",
       "    </tr>\n",
       "    <tr>\n",
       "      <th>xgb_l1f1</th>\n",
       "      <td>0.490593</td>\n",
       "      <td>0.525990</td>\n",
       "      <td>0.516843</td>\n",
       "      <td>0.544344</td>\n",
       "      <td>0.569054</td>\n",
       "      <td>0.326644</td>\n",
       "      <td>0.512367</td>\n",
       "      <td>0.568108</td>\n",
       "      <td>1.000000</td>\n",
       "      <td>0.783111</td>\n",
       "      <td>0.981525</td>\n",
       "      <td>0.748555</td>\n",
       "      <td>0.920487</td>\n",
       "      <td>0.539104</td>\n",
       "      <td>0.558491</td>\n",
       "      <td>0.545020</td>\n",
       "      <td>0.578613</td>\n",
       "      <td>0.593393</td>\n",
       "      <td>0.451142</td>\n",
       "    </tr>\n",
       "    <tr>\n",
       "      <th>xgb_l1f2</th>\n",
       "      <td>0.341283</td>\n",
       "      <td>0.350290</td>\n",
       "      <td>0.355028</td>\n",
       "      <td>0.359029</td>\n",
       "      <td>0.365571</td>\n",
       "      <td>0.246210</td>\n",
       "      <td>0.348459</td>\n",
       "      <td>0.402915</td>\n",
       "      <td>0.783111</td>\n",
       "      <td>1.000000</td>\n",
       "      <td>0.712392</td>\n",
       "      <td>0.633099</td>\n",
       "      <td>0.867178</td>\n",
       "      <td>0.269369</td>\n",
       "      <td>0.245265</td>\n",
       "      <td>0.241612</td>\n",
       "      <td>0.282367</td>\n",
       "      <td>0.232014</td>\n",
       "      <td>0.260730</td>\n",
       "    </tr>\n",
       "    <tr>\n",
       "      <th>xgb_l1f4</th>\n",
       "      <td>0.469957</td>\n",
       "      <td>0.501817</td>\n",
       "      <td>0.492649</td>\n",
       "      <td>0.519167</td>\n",
       "      <td>0.545880</td>\n",
       "      <td>0.314027</td>\n",
       "      <td>0.488648</td>\n",
       "      <td>0.553999</td>\n",
       "      <td>0.981525</td>\n",
       "      <td>0.712392</td>\n",
       "      <td>1.000000</td>\n",
       "      <td>0.727500</td>\n",
       "      <td>0.877807</td>\n",
       "      <td>0.566299</td>\n",
       "      <td>0.576385</td>\n",
       "      <td>0.575913</td>\n",
       "      <td>0.586152</td>\n",
       "      <td>0.615203</td>\n",
       "      <td>0.436789</td>\n",
       "    </tr>\n",
       "    <tr>\n",
       "      <th>xgb_l1f6</th>\n",
       "      <td>0.599272</td>\n",
       "      <td>0.635524</td>\n",
       "      <td>0.631729</td>\n",
       "      <td>0.651522</td>\n",
       "      <td>0.677180</td>\n",
       "      <td>0.353003</td>\n",
       "      <td>0.626747</td>\n",
       "      <td>0.650294</td>\n",
       "      <td>0.748555</td>\n",
       "      <td>0.633099</td>\n",
       "      <td>0.727500</td>\n",
       "      <td>1.000000</td>\n",
       "      <td>0.553772</td>\n",
       "      <td>0.629139</td>\n",
       "      <td>0.661818</td>\n",
       "      <td>0.606604</td>\n",
       "      <td>0.702791</td>\n",
       "      <td>0.636696</td>\n",
       "      <td>0.560773</td>\n",
       "    </tr>\n",
       "    <tr>\n",
       "      <th>xgb_l1f7</th>\n",
       "      <td>0.388351</td>\n",
       "      <td>0.412297</td>\n",
       "      <td>0.405501</td>\n",
       "      <td>0.425275</td>\n",
       "      <td>0.436942</td>\n",
       "      <td>0.306157</td>\n",
       "      <td>0.399915</td>\n",
       "      <td>0.460970</td>\n",
       "      <td>0.920487</td>\n",
       "      <td>0.867178</td>\n",
       "      <td>0.877807</td>\n",
       "      <td>0.553772</td>\n",
       "      <td>1.000000</td>\n",
       "      <td>0.356181</td>\n",
       "      <td>0.359249</td>\n",
       "      <td>0.367457</td>\n",
       "      <td>0.379022</td>\n",
       "      <td>0.399843</td>\n",
       "      <td>0.337552</td>\n",
       "    </tr>\n",
       "    <tr>\n",
       "      <th>cat_L1F1</th>\n",
       "      <td>0.599222</td>\n",
       "      <td>0.587652</td>\n",
       "      <td>0.589547</td>\n",
       "      <td>0.593889</td>\n",
       "      <td>0.610102</td>\n",
       "      <td>0.427663</td>\n",
       "      <td>0.584659</td>\n",
       "      <td>0.618963</td>\n",
       "      <td>0.539104</td>\n",
       "      <td>0.269369</td>\n",
       "      <td>0.566299</td>\n",
       "      <td>0.629139</td>\n",
       "      <td>0.356181</td>\n",
       "      <td>1.000000</td>\n",
       "      <td>0.960242</td>\n",
       "      <td>0.984429</td>\n",
       "      <td>0.926510</td>\n",
       "      <td>0.933566</td>\n",
       "      <td>0.669533</td>\n",
       "    </tr>\n",
       "    <tr>\n",
       "      <th>cat_L1F2</th>\n",
       "      <td>0.651465</td>\n",
       "      <td>0.654987</td>\n",
       "      <td>0.651206</td>\n",
       "      <td>0.666148</td>\n",
       "      <td>0.688150</td>\n",
       "      <td>0.453374</td>\n",
       "      <td>0.645684</td>\n",
       "      <td>0.688538</td>\n",
       "      <td>0.558491</td>\n",
       "      <td>0.245265</td>\n",
       "      <td>0.576385</td>\n",
       "      <td>0.661818</td>\n",
       "      <td>0.359249</td>\n",
       "      <td>0.960242</td>\n",
       "      <td>1.000000</td>\n",
       "      <td>0.969357</td>\n",
       "      <td>0.984724</td>\n",
       "      <td>0.984025</td>\n",
       "      <td>0.741317</td>\n",
       "    </tr>\n",
       "    <tr>\n",
       "      <th>cat_L1F4</th>\n",
       "      <td>0.601114</td>\n",
       "      <td>0.597440</td>\n",
       "      <td>0.594899</td>\n",
       "      <td>0.605053</td>\n",
       "      <td>0.623007</td>\n",
       "      <td>0.438659</td>\n",
       "      <td>0.590235</td>\n",
       "      <td>0.626900</td>\n",
       "      <td>0.545020</td>\n",
       "      <td>0.241612</td>\n",
       "      <td>0.575913</td>\n",
       "      <td>0.606604</td>\n",
       "      <td>0.367457</td>\n",
       "      <td>0.984429</td>\n",
       "      <td>0.969357</td>\n",
       "      <td>1.000000</td>\n",
       "      <td>0.939982</td>\n",
       "      <td>0.960067</td>\n",
       "      <td>0.677708</td>\n",
       "    </tr>\n",
       "    <tr>\n",
       "      <th>cat_L1F6</th>\n",
       "      <td>0.674616</td>\n",
       "      <td>0.680102</td>\n",
       "      <td>0.678186</td>\n",
       "      <td>0.692676</td>\n",
       "      <td>0.716277</td>\n",
       "      <td>0.458476</td>\n",
       "      <td>0.671007</td>\n",
       "      <td>0.713093</td>\n",
       "      <td>0.578613</td>\n",
       "      <td>0.282367</td>\n",
       "      <td>0.586152</td>\n",
       "      <td>0.702791</td>\n",
       "      <td>0.379022</td>\n",
       "      <td>0.926510</td>\n",
       "      <td>0.984724</td>\n",
       "      <td>0.939982</td>\n",
       "      <td>1.000000</td>\n",
       "      <td>0.969259</td>\n",
       "      <td>0.763147</td>\n",
       "    </tr>\n",
       "    <tr>\n",
       "      <th>cat_L1F7</th>\n",
       "      <td>0.645651</td>\n",
       "      <td>0.654585</td>\n",
       "      <td>0.647654</td>\n",
       "      <td>0.666694</td>\n",
       "      <td>0.689886</td>\n",
       "      <td>0.467370</td>\n",
       "      <td>0.644045</td>\n",
       "      <td>0.688177</td>\n",
       "      <td>0.593393</td>\n",
       "      <td>0.232014</td>\n",
       "      <td>0.615203</td>\n",
       "      <td>0.636696</td>\n",
       "      <td>0.399843</td>\n",
       "      <td>0.933566</td>\n",
       "      <td>0.984025</td>\n",
       "      <td>0.960067</td>\n",
       "      <td>0.969259</td>\n",
       "      <td>1.000000</td>\n",
       "      <td>0.737260</td>\n",
       "    </tr>\n",
       "    <tr>\n",
       "      <th>cat_MAE</th>\n",
       "      <td>0.928155</td>\n",
       "      <td>0.904309</td>\n",
       "      <td>0.906120</td>\n",
       "      <td>0.899333</td>\n",
       "      <td>0.906556</td>\n",
       "      <td>0.828698</td>\n",
       "      <td>0.904841</td>\n",
       "      <td>0.944911</td>\n",
       "      <td>0.451142</td>\n",
       "      <td>0.260730</td>\n",
       "      <td>0.436789</td>\n",
       "      <td>0.560773</td>\n",
       "      <td>0.337552</td>\n",
       "      <td>0.669533</td>\n",
       "      <td>0.741317</td>\n",
       "      <td>0.677708</td>\n",
       "      <td>0.763147</td>\n",
       "      <td>0.737260</td>\n",
       "      <td>1.000000</td>\n",
       "    </tr>\n",
       "  </tbody>\n",
       "</table>\n",
       "</div>"
      ],
      "text/plain": [
       "           lgb_fair  lgb_huber  lgb_l1f1  lgb_l1f2  lgb_l1f4  lgb_l1f6  \\\n",
       "lgb_fair   1.000000   0.973685  0.979876  0.956970  0.947668  0.869275   \n",
       "lgb_huber  0.973685   1.000000  0.989757  0.990651  0.980902  0.825890   \n",
       "lgb_l1f1   0.979876   0.989757  1.000000  0.988109  0.975801  0.832961   \n",
       "lgb_l1f2   0.956970   0.990651  0.988109  1.000000  0.992201  0.802691   \n",
       "lgb_l1f4   0.947668   0.980902  0.975801  0.992201  1.000000  0.788116   \n",
       "lgb_l1f6   0.869275   0.825890  0.832961  0.802691  0.788116  1.000000   \n",
       "lgb_l1     0.976428   0.986480  0.994528  0.982674  0.974295  0.849344   \n",
       "xgb_l1f0   0.936144   0.920317  0.919549  0.918697  0.930949  0.828733   \n",
       "xgb_l1f1   0.490593   0.525990  0.516843  0.544344  0.569054  0.326644   \n",
       "xgb_l1f2   0.341283   0.350290  0.355028  0.359029  0.365571  0.246210   \n",
       "xgb_l1f4   0.469957   0.501817  0.492649  0.519167  0.545880  0.314027   \n",
       "xgb_l1f6   0.599272   0.635524  0.631729  0.651522  0.677180  0.353003   \n",
       "xgb_l1f7   0.388351   0.412297  0.405501  0.425275  0.436942  0.306157   \n",
       "cat_L1F1   0.599222   0.587652  0.589547  0.593889  0.610102  0.427663   \n",
       "cat_L1F2   0.651465   0.654987  0.651206  0.666148  0.688150  0.453374   \n",
       "cat_L1F4   0.601114   0.597440  0.594899  0.605053  0.623007  0.438659   \n",
       "cat_L1F6   0.674616   0.680102  0.678186  0.692676  0.716277  0.458476   \n",
       "cat_L1F7   0.645651   0.654585  0.647654  0.666694  0.689886  0.467370   \n",
       "cat_MAE    0.928155   0.904309  0.906120  0.899333  0.906556  0.828698   \n",
       "\n",
       "             lgb_l1  xgb_l1f0  xgb_l1f1  xgb_l1f2  xgb_l1f4  xgb_l1f6  \\\n",
       "lgb_fair   0.976428  0.936144  0.490593  0.341283  0.469957  0.599272   \n",
       "lgb_huber  0.986480  0.920317  0.525990  0.350290  0.501817  0.635524   \n",
       "lgb_l1f1   0.994528  0.919549  0.516843  0.355028  0.492649  0.631729   \n",
       "lgb_l1f2   0.982674  0.918697  0.544344  0.359029  0.519167  0.651522   \n",
       "lgb_l1f4   0.974295  0.930949  0.569054  0.365571  0.545880  0.677180   \n",
       "lgb_l1f6   0.849344  0.828733  0.326644  0.246210  0.314027  0.353003   \n",
       "lgb_l1     1.000000  0.918246  0.512367  0.348459  0.488648  0.626747   \n",
       "xgb_l1f0   0.918246  1.000000  0.568108  0.402915  0.553999  0.650294   \n",
       "xgb_l1f1   0.512367  0.568108  1.000000  0.783111  0.981525  0.748555   \n",
       "xgb_l1f2   0.348459  0.402915  0.783111  1.000000  0.712392  0.633099   \n",
       "xgb_l1f4   0.488648  0.553999  0.981525  0.712392  1.000000  0.727500   \n",
       "xgb_l1f6   0.626747  0.650294  0.748555  0.633099  0.727500  1.000000   \n",
       "xgb_l1f7   0.399915  0.460970  0.920487  0.867178  0.877807  0.553772   \n",
       "cat_L1F1   0.584659  0.618963  0.539104  0.269369  0.566299  0.629139   \n",
       "cat_L1F2   0.645684  0.688538  0.558491  0.245265  0.576385  0.661818   \n",
       "cat_L1F4   0.590235  0.626900  0.545020  0.241612  0.575913  0.606604   \n",
       "cat_L1F6   0.671007  0.713093  0.578613  0.282367  0.586152  0.702791   \n",
       "cat_L1F7   0.644045  0.688177  0.593393  0.232014  0.615203  0.636696   \n",
       "cat_MAE    0.904841  0.944911  0.451142  0.260730  0.436789  0.560773   \n",
       "\n",
       "           xgb_l1f7  cat_L1F1  cat_L1F2  cat_L1F4  cat_L1F6  cat_L1F7  \\\n",
       "lgb_fair   0.388351  0.599222  0.651465  0.601114  0.674616  0.645651   \n",
       "lgb_huber  0.412297  0.587652  0.654987  0.597440  0.680102  0.654585   \n",
       "lgb_l1f1   0.405501  0.589547  0.651206  0.594899  0.678186  0.647654   \n",
       "lgb_l1f2   0.425275  0.593889  0.666148  0.605053  0.692676  0.666694   \n",
       "lgb_l1f4   0.436942  0.610102  0.688150  0.623007  0.716277  0.689886   \n",
       "lgb_l1f6   0.306157  0.427663  0.453374  0.438659  0.458476  0.467370   \n",
       "lgb_l1     0.399915  0.584659  0.645684  0.590235  0.671007  0.644045   \n",
       "xgb_l1f0   0.460970  0.618963  0.688538  0.626900  0.713093  0.688177   \n",
       "xgb_l1f1   0.920487  0.539104  0.558491  0.545020  0.578613  0.593393   \n",
       "xgb_l1f2   0.867178  0.269369  0.245265  0.241612  0.282367  0.232014   \n",
       "xgb_l1f4   0.877807  0.566299  0.576385  0.575913  0.586152  0.615203   \n",
       "xgb_l1f6   0.553772  0.629139  0.661818  0.606604  0.702791  0.636696   \n",
       "xgb_l1f7   1.000000  0.356181  0.359249  0.367457  0.379022  0.399843   \n",
       "cat_L1F1   0.356181  1.000000  0.960242  0.984429  0.926510  0.933566   \n",
       "cat_L1F2   0.359249  0.960242  1.000000  0.969357  0.984724  0.984025   \n",
       "cat_L1F4   0.367457  0.984429  0.969357  1.000000  0.939982  0.960067   \n",
       "cat_L1F6   0.379022  0.926510  0.984724  0.939982  1.000000  0.969259   \n",
       "cat_L1F7   0.399843  0.933566  0.984025  0.960067  0.969259  1.000000   \n",
       "cat_MAE    0.337552  0.669533  0.741317  0.677708  0.763147  0.737260   \n",
       "\n",
       "            cat_MAE  \n",
       "lgb_fair   0.928155  \n",
       "lgb_huber  0.904309  \n",
       "lgb_l1f1   0.906120  \n",
       "lgb_l1f2   0.899333  \n",
       "lgb_l1f4   0.906556  \n",
       "lgb_l1f6   0.828698  \n",
       "lgb_l1     0.904841  \n",
       "xgb_l1f0   0.944911  \n",
       "xgb_l1f1   0.451142  \n",
       "xgb_l1f2   0.260730  \n",
       "xgb_l1f4   0.436789  \n",
       "xgb_l1f6   0.560773  \n",
       "xgb_l1f7   0.337552  \n",
       "cat_L1F1   0.669533  \n",
       "cat_L1F2   0.741317  \n",
       "cat_L1F4   0.677708  \n",
       "cat_L1F6   0.763147  \n",
       "cat_L1F7   0.737260  \n",
       "cat_MAE    1.000000  "
      ]
     },
     "metadata": {},
     "output_type": "display_data"
    },
    {
     "name": "stdout",
     "output_type": "stream",
     "text": [
      "create lgb_l1f1-lgb_l1 with 0.994527606338\n"
     ]
    },
    {
     "data": {
      "text/html": [
       "<div>\n",
       "<table border=\"1\" class=\"dataframe\">\n",
       "  <thead>\n",
       "    <tr style=\"text-align: right;\">\n",
       "      <th></th>\n",
       "      <th>lgb_fair</th>\n",
       "      <th>lgb_huber</th>\n",
       "      <th>lgb_l1f2</th>\n",
       "      <th>lgb_l1f4</th>\n",
       "      <th>lgb_l1f6</th>\n",
       "      <th>xgb_l1f0</th>\n",
       "      <th>xgb_l1f1</th>\n",
       "      <th>xgb_l1f2</th>\n",
       "      <th>xgb_l1f4</th>\n",
       "      <th>xgb_l1f6</th>\n",
       "      <th>xgb_l1f7</th>\n",
       "      <th>cat_L1F1</th>\n",
       "      <th>cat_L1F2</th>\n",
       "      <th>cat_L1F4</th>\n",
       "      <th>cat_L1F6</th>\n",
       "      <th>cat_L1F7</th>\n",
       "      <th>cat_MAE</th>\n",
       "      <th>lgb_l1f1-lgb_l1</th>\n",
       "    </tr>\n",
       "  </thead>\n",
       "  <tbody>\n",
       "    <tr>\n",
       "      <th>lgb_fair</th>\n",
       "      <td>1.000000</td>\n",
       "      <td>0.973685</td>\n",
       "      <td>0.956970</td>\n",
       "      <td>0.947668</td>\n",
       "      <td>0.869275</td>\n",
       "      <td>0.936144</td>\n",
       "      <td>0.490593</td>\n",
       "      <td>0.341283</td>\n",
       "      <td>0.469957</td>\n",
       "      <td>0.599272</td>\n",
       "      <td>0.388351</td>\n",
       "      <td>0.599222</td>\n",
       "      <td>0.651465</td>\n",
       "      <td>0.601114</td>\n",
       "      <td>0.674616</td>\n",
       "      <td>0.645651</td>\n",
       "      <td>0.928155</td>\n",
       "      <td>0.979533</td>\n",
       "    </tr>\n",
       "    <tr>\n",
       "      <th>lgb_huber</th>\n",
       "      <td>0.973685</td>\n",
       "      <td>1.000000</td>\n",
       "      <td>0.990651</td>\n",
       "      <td>0.980902</td>\n",
       "      <td>0.825890</td>\n",
       "      <td>0.920317</td>\n",
       "      <td>0.525990</td>\n",
       "      <td>0.350290</td>\n",
       "      <td>0.501817</td>\n",
       "      <td>0.635524</td>\n",
       "      <td>0.412297</td>\n",
       "      <td>0.587652</td>\n",
       "      <td>0.654987</td>\n",
       "      <td>0.597440</td>\n",
       "      <td>0.680102</td>\n",
       "      <td>0.654585</td>\n",
       "      <td>0.904309</td>\n",
       "      <td>0.989511</td>\n",
       "    </tr>\n",
       "    <tr>\n",
       "      <th>lgb_l1f2</th>\n",
       "      <td>0.956970</td>\n",
       "      <td>0.990651</td>\n",
       "      <td>1.000000</td>\n",
       "      <td>0.992201</td>\n",
       "      <td>0.802691</td>\n",
       "      <td>0.918697</td>\n",
       "      <td>0.544344</td>\n",
       "      <td>0.359029</td>\n",
       "      <td>0.519167</td>\n",
       "      <td>0.651522</td>\n",
       "      <td>0.425275</td>\n",
       "      <td>0.593889</td>\n",
       "      <td>0.666148</td>\n",
       "      <td>0.605053</td>\n",
       "      <td>0.692676</td>\n",
       "      <td>0.666694</td>\n",
       "      <td>0.899333</td>\n",
       "      <td>0.986806</td>\n",
       "    </tr>\n",
       "    <tr>\n",
       "      <th>lgb_l1f4</th>\n",
       "      <td>0.947668</td>\n",
       "      <td>0.980902</td>\n",
       "      <td>0.992201</td>\n",
       "      <td>1.000000</td>\n",
       "      <td>0.788116</td>\n",
       "      <td>0.930949</td>\n",
       "      <td>0.569054</td>\n",
       "      <td>0.365571</td>\n",
       "      <td>0.545880</td>\n",
       "      <td>0.677180</td>\n",
       "      <td>0.436942</td>\n",
       "      <td>0.610102</td>\n",
       "      <td>0.688150</td>\n",
       "      <td>0.623007</td>\n",
       "      <td>0.716277</td>\n",
       "      <td>0.689886</td>\n",
       "      <td>0.906556</td>\n",
       "      <td>0.976402</td>\n",
       "    </tr>\n",
       "    <tr>\n",
       "      <th>lgb_l1f6</th>\n",
       "      <td>0.869275</td>\n",
       "      <td>0.825890</td>\n",
       "      <td>0.802691</td>\n",
       "      <td>0.788116</td>\n",
       "      <td>1.000000</td>\n",
       "      <td>0.828733</td>\n",
       "      <td>0.326644</td>\n",
       "      <td>0.246210</td>\n",
       "      <td>0.314027</td>\n",
       "      <td>0.353003</td>\n",
       "      <td>0.306157</td>\n",
       "      <td>0.427663</td>\n",
       "      <td>0.453374</td>\n",
       "      <td>0.438659</td>\n",
       "      <td>0.458476</td>\n",
       "      <td>0.467370</td>\n",
       "      <td>0.828698</td>\n",
       "      <td>0.842111</td>\n",
       "    </tr>\n",
       "    <tr>\n",
       "      <th>xgb_l1f0</th>\n",
       "      <td>0.936144</td>\n",
       "      <td>0.920317</td>\n",
       "      <td>0.918697</td>\n",
       "      <td>0.930949</td>\n",
       "      <td>0.828733</td>\n",
       "      <td>1.000000</td>\n",
       "      <td>0.568108</td>\n",
       "      <td>0.402915</td>\n",
       "      <td>0.553999</td>\n",
       "      <td>0.650294</td>\n",
       "      <td>0.460970</td>\n",
       "      <td>0.618963</td>\n",
       "      <td>0.688538</td>\n",
       "      <td>0.626900</td>\n",
       "      <td>0.713093</td>\n",
       "      <td>0.688177</td>\n",
       "      <td>0.944911</td>\n",
       "      <td>0.920172</td>\n",
       "    </tr>\n",
       "    <tr>\n",
       "      <th>xgb_l1f1</th>\n",
       "      <td>0.490593</td>\n",
       "      <td>0.525990</td>\n",
       "      <td>0.544344</td>\n",
       "      <td>0.569054</td>\n",
       "      <td>0.326644</td>\n",
       "      <td>0.568108</td>\n",
       "      <td>1.000000</td>\n",
       "      <td>0.783111</td>\n",
       "      <td>0.981525</td>\n",
       "      <td>0.748555</td>\n",
       "      <td>0.920487</td>\n",
       "      <td>0.539104</td>\n",
       "      <td>0.558491</td>\n",
       "      <td>0.545020</td>\n",
       "      <td>0.578613</td>\n",
       "      <td>0.593393</td>\n",
       "      <td>0.451142</td>\n",
       "      <td>0.515363</td>\n",
       "    </tr>\n",
       "    <tr>\n",
       "      <th>xgb_l1f2</th>\n",
       "      <td>0.341283</td>\n",
       "      <td>0.350290</td>\n",
       "      <td>0.359029</td>\n",
       "      <td>0.365571</td>\n",
       "      <td>0.246210</td>\n",
       "      <td>0.402915</td>\n",
       "      <td>0.783111</td>\n",
       "      <td>1.000000</td>\n",
       "      <td>0.712392</td>\n",
       "      <td>0.633099</td>\n",
       "      <td>0.867178</td>\n",
       "      <td>0.269369</td>\n",
       "      <td>0.245265</td>\n",
       "      <td>0.241612</td>\n",
       "      <td>0.282367</td>\n",
       "      <td>0.232014</td>\n",
       "      <td>0.260730</td>\n",
       "      <td>0.352303</td>\n",
       "    </tr>\n",
       "    <tr>\n",
       "      <th>xgb_l1f4</th>\n",
       "      <td>0.469957</td>\n",
       "      <td>0.501817</td>\n",
       "      <td>0.519167</td>\n",
       "      <td>0.545880</td>\n",
       "      <td>0.314027</td>\n",
       "      <td>0.553999</td>\n",
       "      <td>0.981525</td>\n",
       "      <td>0.712392</td>\n",
       "      <td>1.000000</td>\n",
       "      <td>0.727500</td>\n",
       "      <td>0.877807</td>\n",
       "      <td>0.566299</td>\n",
       "      <td>0.576385</td>\n",
       "      <td>0.575913</td>\n",
       "      <td>0.586152</td>\n",
       "      <td>0.615203</td>\n",
       "      <td>0.436789</td>\n",
       "      <td>0.491368</td>\n",
       "    </tr>\n",
       "    <tr>\n",
       "      <th>xgb_l1f6</th>\n",
       "      <td>0.599272</td>\n",
       "      <td>0.635524</td>\n",
       "      <td>0.651522</td>\n",
       "      <td>0.677180</td>\n",
       "      <td>0.353003</td>\n",
       "      <td>0.650294</td>\n",
       "      <td>0.748555</td>\n",
       "      <td>0.633099</td>\n",
       "      <td>0.727500</td>\n",
       "      <td>1.000000</td>\n",
       "      <td>0.553772</td>\n",
       "      <td>0.629139</td>\n",
       "      <td>0.661818</td>\n",
       "      <td>0.606604</td>\n",
       "      <td>0.702791</td>\n",
       "      <td>0.636696</td>\n",
       "      <td>0.560773</td>\n",
       "      <td>0.630159</td>\n",
       "    </tr>\n",
       "    <tr>\n",
       "      <th>xgb_l1f7</th>\n",
       "      <td>0.388351</td>\n",
       "      <td>0.412297</td>\n",
       "      <td>0.425275</td>\n",
       "      <td>0.436942</td>\n",
       "      <td>0.306157</td>\n",
       "      <td>0.460970</td>\n",
       "      <td>0.920487</td>\n",
       "      <td>0.867178</td>\n",
       "      <td>0.877807</td>\n",
       "      <td>0.553772</td>\n",
       "      <td>1.000000</td>\n",
       "      <td>0.356181</td>\n",
       "      <td>0.359249</td>\n",
       "      <td>0.367457</td>\n",
       "      <td>0.379022</td>\n",
       "      <td>0.399843</td>\n",
       "      <td>0.337552</td>\n",
       "      <td>0.403326</td>\n",
       "    </tr>\n",
       "    <tr>\n",
       "      <th>cat_L1F1</th>\n",
       "      <td>0.599222</td>\n",
       "      <td>0.587652</td>\n",
       "      <td>0.593889</td>\n",
       "      <td>0.610102</td>\n",
       "      <td>0.427663</td>\n",
       "      <td>0.618963</td>\n",
       "      <td>0.539104</td>\n",
       "      <td>0.269369</td>\n",
       "      <td>0.566299</td>\n",
       "      <td>0.629139</td>\n",
       "      <td>0.356181</td>\n",
       "      <td>1.000000</td>\n",
       "      <td>0.960242</td>\n",
       "      <td>0.984429</td>\n",
       "      <td>0.926510</td>\n",
       "      <td>0.933566</td>\n",
       "      <td>0.669533</td>\n",
       "      <td>0.587966</td>\n",
       "    </tr>\n",
       "    <tr>\n",
       "      <th>cat_L1F2</th>\n",
       "      <td>0.651465</td>\n",
       "      <td>0.654987</td>\n",
       "      <td>0.666148</td>\n",
       "      <td>0.688150</td>\n",
       "      <td>0.453374</td>\n",
       "      <td>0.688538</td>\n",
       "      <td>0.558491</td>\n",
       "      <td>0.245265</td>\n",
       "      <td>0.576385</td>\n",
       "      <td>0.661818</td>\n",
       "      <td>0.359249</td>\n",
       "      <td>0.960242</td>\n",
       "      <td>1.000000</td>\n",
       "      <td>0.969357</td>\n",
       "      <td>0.984724</td>\n",
       "      <td>0.984025</td>\n",
       "      <td>0.741317</td>\n",
       "      <td>0.649399</td>\n",
       "    </tr>\n",
       "    <tr>\n",
       "      <th>cat_L1F4</th>\n",
       "      <td>0.601114</td>\n",
       "      <td>0.597440</td>\n",
       "      <td>0.605053</td>\n",
       "      <td>0.623007</td>\n",
       "      <td>0.438659</td>\n",
       "      <td>0.626900</td>\n",
       "      <td>0.545020</td>\n",
       "      <td>0.241612</td>\n",
       "      <td>0.575913</td>\n",
       "      <td>0.606604</td>\n",
       "      <td>0.367457</td>\n",
       "      <td>0.984429</td>\n",
       "      <td>0.969357</td>\n",
       "      <td>1.000000</td>\n",
       "      <td>0.939982</td>\n",
       "      <td>0.960067</td>\n",
       "      <td>0.677708</td>\n",
       "      <td>0.593434</td>\n",
       "    </tr>\n",
       "    <tr>\n",
       "      <th>cat_L1F6</th>\n",
       "      <td>0.674616</td>\n",
       "      <td>0.680102</td>\n",
       "      <td>0.692676</td>\n",
       "      <td>0.716277</td>\n",
       "      <td>0.458476</td>\n",
       "      <td>0.713093</td>\n",
       "      <td>0.578613</td>\n",
       "      <td>0.282367</td>\n",
       "      <td>0.586152</td>\n",
       "      <td>0.702791</td>\n",
       "      <td>0.379022</td>\n",
       "      <td>0.926510</td>\n",
       "      <td>0.984724</td>\n",
       "      <td>0.939982</td>\n",
       "      <td>1.000000</td>\n",
       "      <td>0.969259</td>\n",
       "      <td>0.763147</td>\n",
       "      <td>0.675606</td>\n",
       "    </tr>\n",
       "    <tr>\n",
       "      <th>cat_L1F7</th>\n",
       "      <td>0.645651</td>\n",
       "      <td>0.654585</td>\n",
       "      <td>0.666694</td>\n",
       "      <td>0.689886</td>\n",
       "      <td>0.467370</td>\n",
       "      <td>0.688177</td>\n",
       "      <td>0.593393</td>\n",
       "      <td>0.232014</td>\n",
       "      <td>0.615203</td>\n",
       "      <td>0.636696</td>\n",
       "      <td>0.399843</td>\n",
       "      <td>0.933566</td>\n",
       "      <td>0.984025</td>\n",
       "      <td>0.960067</td>\n",
       "      <td>0.969259</td>\n",
       "      <td>1.000000</td>\n",
       "      <td>0.737260</td>\n",
       "      <td>0.646777</td>\n",
       "    </tr>\n",
       "    <tr>\n",
       "      <th>cat_MAE</th>\n",
       "      <td>0.928155</td>\n",
       "      <td>0.904309</td>\n",
       "      <td>0.899333</td>\n",
       "      <td>0.906556</td>\n",
       "      <td>0.828698</td>\n",
       "      <td>0.944911</td>\n",
       "      <td>0.451142</td>\n",
       "      <td>0.260730</td>\n",
       "      <td>0.436789</td>\n",
       "      <td>0.560773</td>\n",
       "      <td>0.337552</td>\n",
       "      <td>0.669533</td>\n",
       "      <td>0.741317</td>\n",
       "      <td>0.677708</td>\n",
       "      <td>0.763147</td>\n",
       "      <td>0.737260</td>\n",
       "      <td>1.000000</td>\n",
       "      <td>0.906736</td>\n",
       "    </tr>\n",
       "    <tr>\n",
       "      <th>lgb_l1f1-lgb_l1</th>\n",
       "      <td>0.979533</td>\n",
       "      <td>0.989511</td>\n",
       "      <td>0.986806</td>\n",
       "      <td>0.976402</td>\n",
       "      <td>0.842111</td>\n",
       "      <td>0.920172</td>\n",
       "      <td>0.515363</td>\n",
       "      <td>0.352303</td>\n",
       "      <td>0.491368</td>\n",
       "      <td>0.630159</td>\n",
       "      <td>0.403326</td>\n",
       "      <td>0.587966</td>\n",
       "      <td>0.649399</td>\n",
       "      <td>0.593434</td>\n",
       "      <td>0.675606</td>\n",
       "      <td>0.646777</td>\n",
       "      <td>0.906736</td>\n",
       "      <td>1.000000</td>\n",
       "    </tr>\n",
       "  </tbody>\n",
       "</table>\n",
       "</div>"
      ],
      "text/plain": [
       "                 lgb_fair  lgb_huber  lgb_l1f2  lgb_l1f4  lgb_l1f6  xgb_l1f0  \\\n",
       "lgb_fair         1.000000   0.973685  0.956970  0.947668  0.869275  0.936144   \n",
       "lgb_huber        0.973685   1.000000  0.990651  0.980902  0.825890  0.920317   \n",
       "lgb_l1f2         0.956970   0.990651  1.000000  0.992201  0.802691  0.918697   \n",
       "lgb_l1f4         0.947668   0.980902  0.992201  1.000000  0.788116  0.930949   \n",
       "lgb_l1f6         0.869275   0.825890  0.802691  0.788116  1.000000  0.828733   \n",
       "xgb_l1f0         0.936144   0.920317  0.918697  0.930949  0.828733  1.000000   \n",
       "xgb_l1f1         0.490593   0.525990  0.544344  0.569054  0.326644  0.568108   \n",
