{
 "cells": [
  {
   "cell_type": "code",
   "execution_count": 1,
   "metadata": {
    "collapsed": false
   },
   "outputs": [
    {
     "name": "stdout",
     "output_type": "stream",
     "text": [
      "Populating the interactive namespace from numpy and matplotlib\n"
     ]
    }
   ],
   "source": [
    "%pylab inline\n",
    "import pandas as pd"
   ]
  },
  {
   "cell_type": "code",
   "execution_count": 2,
   "metadata": {
    "collapsed": false
   },
   "outputs": [
    {
     "data": {
      "text/plain": [
       "['../submission/lgb_fair_preds',\n",
       " '../submission/lgb_huber_preds',\n",
       " '../submission/lgb_regression_l1f1_preds',\n",
       " '../submission/lgb_regression_l1f2_preds',\n",
       " '../submission/lgb_regression_l1f4_preds',\n",
       " '../submission/lgb_regression_l1f6_preds',\n",
       " '../submission/lgb_regression_l1_preds',\n",
       " '../submission/xgb_l1f0_preds',\n",
       " '../submission/xgb_l1f1_preds',\n",
       " '../submission/xgb_l1f2_preds',\n",
       " '../submission/xgb_l1f4_preds',\n",
       " '../submission/xgb_l1f6_preds',\n",
       " '../submission/xgb_l1f7_preds',\n",
       " '../submission/cat_L1F1_preds',\n",
       " '../submission/cat_L1F2_preds',\n",
       " '../submission/cat_L1F4_preds',\n",
       " '../submission/cat_L1F6_preds',\n",
       " '../submission/cat_L1F7_preds',\n",
       " '../submission/cat_MAE_preds']"
      ]
     },
     "execution_count": 2,
     "metadata": {},
     "output_type": "execute_result"
    }
   ],
   "source": [
    "files1=!ls ../submission/lgb*\n",
    "files2=!ls ../submission/xgb*\n",
    "files3=!ls ../submission/cat*\n",
    "files=files1+files2+files3\n",
    "files"
   ]
  },
  {
   "cell_type": "code",
   "execution_count": 3,
   "metadata": {
    "collapsed": false
   },
   "outputs": [],
   "source": [
    "preds=[pd.read_csv(filename,index_col=0) for filename in files]"
   ]
  },
  {
   "cell_type": "code",
   "execution_count": null,
   "metadata": {
    "collapsed": true
   },
   "outputs": [],
   "source": []
  },
  {
   "cell_type": "code",
   "execution_count": 4,
   "metadata": {
    "collapsed": false
   },
   "outputs": [],
   "source": [
    "stds=[df.max(1)-df.min(1) for df in preds]"
   ]
  },
  {
   "cell_type": "code",
   "execution_count": 5,
   "metadata": {
    "collapsed": true
   },
   "outputs": [],
   "source": [
    "stds=pd.DataFrame(stds).T"
   ]
  },
  {
   "cell_type": "code",
   "execution_count": 6,
   "metadata": {
    "collapsed": false
   },
   "outputs": [],
   "source": [
    "stds.columns=[u.split('/')[-1] for u in files]"
   ]
  },
  {
   "cell_type": "code",
   "execution_count": 7,
   "metadata": {
    "collapsed": false
   },
   "outputs": [
    {
     "data": {
      "text/plain": [
       "lgb_fair_preds               0.002510\n",
       "lgb_huber_preds              0.002987\n",
       "lgb_regression_l1f1_preds    0.003181\n",
       "lgb_regression_l1f2_preds    0.003118\n",
       "lgb_regression_l1f4_preds    0.002483\n",
       "lgb_regression_l1f6_preds    0.002695\n",
       "lgb_regression_l1_preds      0.002866\n",
       "xgb_l1f0_preds               0.002579\n",
       "xgb_l1f1_preds               0.000654\n",
       "xgb_l1f2_preds               0.000819\n",
       "xgb_l1f4_preds               0.000508\n",
       "xgb_l1f6_preds               0.000869\n",
       "xgb_l1f7_preds               0.000984\n",
       "cat_L1F1_preds               0.000493\n",
       "cat_L1F2_preds               0.000767\n",
       "cat_L1F4_preds               0.000478\n",
       "cat_L1F6_preds               0.000977\n",
       "cat_L1F7_preds               0.000863\n",
       "cat_MAE_preds                0.003392\n",
       "dtype: float64"
      ]
     },
     "execution_count": 7,
     "metadata": {},
     "output_type": "execute_result"
    }
   ],
   "source": [
    "stds.mean()"
   ]
  },
  {
   "cell_type": "code",
   "execution_count": 8,
   "metadata": {
    "collapsed": false
   },
   "outputs": [
    {
     "data": {
      "text/plain": [
       "lgb_fair_preds               0.002638\n",
       "lgb_huber_preds              0.003312\n",
       "lgb_regression_l1f1_preds    0.003320\n",
       "lgb_regression_l1f2_preds    0.003502\n",
       "lgb_regression_l1f4_preds    0.003265\n",
       "lgb_regression_l1f6_preds    0.002050\n",
       "lgb_regression_l1_preds      0.002948\n",
       "xgb_l1f0_preds               0.002780\n",
       "xgb_l1f1_preds               0.003521\n",
       "xgb_l1f2_preds               0.003791\n",
       "xgb_l1f4_preds               0.003360\n",
       "xgb_l1f6_preds               0.003814\n",
       "xgb_l1f7_preds               0.004768\n",
       "cat_L1F1_preds               0.001860\n",
       "cat_L1F2_preds               0.002130\n",
       "cat_L1F4_preds               0.001566\n",
       "cat_L1F6_preds               0.002796\n",
       "cat_L1F7_preds               0.002650\n",
       "cat_MAE_preds                0.002553\n",
       "dtype: float64"
      ]
     },
     "execution_count": 8,
     "metadata": {},
     "output_type": "execute_result"
    }
   ],
   "source": [
    "stds.std()"
   ]
  },
  {
   "cell_type": "code",
   "execution_count": null,
   "metadata": {
    "collapsed": true
   },
   "outputs": [],
   "source": []
  },
  {
   "cell_type": "code",
   "execution_count": 9,
   "metadata": {
    "collapsed": true
   },
   "outputs": [],
   "source": [
    "def f(col):\n",
    "    subpred=pd.concat([df[col] for df in preds],axis=1)\n",
    "    subpred.columns=[u.split('/')[-1].replace('_preds',\"\").replace(\"_regression\",\"\") for u in files]\n",
    "    display(subpred.head(10))\n",
    "    print np.mean(subpred.max(1)-subpred.min(1)),np.std(subpred.max(1)-subpred.min(1))\n",
    "    display(subpred.corr())"
   ]
  },
  {
   "cell_type": "code",
   "execution_count": 10,
   "metadata": {
    "collapsed": false,
    "scrolled": false
   },
   "outputs": [
    {
     "data": {
      "text/html": [
       "<div>\n",
       "<table border=\"1\" class=\"dataframe\">\n",
       "  <thead>\n",
       "    <tr style=\"text-align: right;\">\n",
       "      <th></th>\n",
       "      <th>lgb_fair</th>\n",
       "      <th>lgb_huber</th>\n",
       "      <th>lgb_l1f1</th>\n",
       "      <th>lgb_l1f2</th>\n",
       "      <th>lgb_l1f4</th>\n",
       "      <th>lgb_l1f6</th>\n",
       "      <th>lgb_l1</th>\n",
       "      <th>xgb_l1f0</th>\n",
       "      <th>xgb_l1f1</th>\n",
       "      <th>xgb_l1f2</th>\n",
       "      <th>xgb_l1f4</th>\n",
       "      <th>xgb_l1f6</th>\n",
       "      <th>xgb_l1f7</th>\n",
       "      <th>cat_L1F1</th>\n",
       "      <th>cat_L1F2</th>\n",
       "      <th>cat_L1F4</th>\n",
       "      <th>cat_L1F6</th>\n",
       "      <th>cat_L1F7</th>\n",
       "      <th>cat_MAE</th>\n",
       "    </tr>\n",
       "  </thead>\n",
       "  <tbody>\n",
       "    <tr>\n",
       "      <th>10754147</th>\n",
       "      <td>0.012187</td>\n",
       "      <td>0.015168</td>\n",
       "      <td>0.013996</td>\n",
       "      <td>0.012115</td>\n",
       "      <td>0.013301</td>\n",
       "      <td>0.013811</td>\n",
       "      <td>0.012246</td>\n",
       "      <td>0.005260</td>\n",
       "      <td>-0.005320</td>\n",
       "      <td>-0.015949</td>\n",
       "      <td>-0.006156</td>\n",
       "      <td>-0.010079</td>\n",
       "      <td>-0.005125</td>\n",
       "      <td>0.017555</td>\n",
       "      <td>0.026780</td>\n",
       "      <td>0.020745</td>\n",
       "      <td>0.027095</td>\n",
       "      <td>0.039852</td>\n",
       "      <td>0.019953</td>\n",
       "    </tr>\n",
       "    <tr>\n",
       "      <th>10759547</th>\n",
       "      <td>-0.004355</td>\n",
       "      <td>-0.001797</td>\n",
       "      <td>-0.001609</td>\n",
       "      <td>-0.004885</td>\n",
       "      <td>-0.006208</td>\n",
       "      <td>0.007870</td>\n",
       "      <td>0.000325</td>\n",
       "      <td>-0.013911</td>\n",
       "      <td>-0.009836</td>\n",
       "      <td>-0.020776</td>\n",
       "      <td>-0.010443</td>\n",
       "      <td>-0.011802</td>\n",
       "      <td>-0.014539</td>\n",
       "      <td>0.013544</td>\n",
       "      <td>0.018957</td>\n",
       "      <td>0.016423</td>\n",
       "      <td>0.020309</td>\n",
       "      <td>0.020587</td>\n",
       "      <td>0.012030</td>\n",
       "    </tr>\n",
       "    <tr>\n",
       "      <th>10843547</th>\n",
       "      <td>0.023821</td>\n",
       "      <td>0.018871</td>\n",
       "      <td>0.019771</td>\n",
       "      <td>0.017670</td>\n",
       "      <td>0.012776</td>\n",
       "      <td>0.023028</td>\n",
       "      <td>0.013632</td>\n",
       "      <td>-0.010484</td>\n",
       "      <td>0.014175</td>\n",
       "      <td>-0.034172</td>\n",
       "      <td>0.020482</td>\n",
       "      <td>-0.016173</td>\n",
       "      <td>0.027498</td>\n",
       "      <td>0.007729</td>\n",
       "      <td>-0.019612</td>\n",
       "      <td>0.015279</td>\n",
       "      <td>-0.000853</td>\n",
       "      <td>-0.009084</td>\n",
       "      <td>0.017022</td>\n",
       "    </tr>\n",
       "    <tr>\n",
       "      <th>10859147</th>\n",
       "      <td>0.031263</td>\n",
       "      <td>0.042162</td>\n",
       "      <td>0.045226</td>\n",
       "      <td>0.054795</td>\n",
       "      <td>0.051295</td>\n",
       "      <td>0.028064</td>\n",
       "      <td>0.040788</td>\n",
       "      <td>0.033502</td>\n",
       "      <td>0.040992</td>\n",
       "      <td>0.050591</td>\n",
       "      <td>0.031655</td>\n",
       "      <td>0.014771</td>\n",
       "      <td>0.067674</td>\n",
       "      <td>0.017352</td>\n",
       "      <td>0.031631</td>\n",
       "      <td>0.020118</td>\n",
       "      <td>0.054818</td>\n",
       "      <td>0.039738</td>\n",
       "      <td>0.051345</td>\n",
       "    </tr>\n",
       "    <tr>\n",
       "      <th>10879947</th>\n",
       "      <td>0.016451</td>\n",
       "      <td>0.016253</td>\n",
       "      <td>0.017224</td>\n",
       "      <td>0.020335</td>\n",
       "      <td>0.021967</td>\n",
       "      <td>0.023454</td>\n",
       "      <td>0.016277</td>\n",
       "      <td>0.020137</td>\n",
       "      <td>0.014179</td>\n",
       "      <td>0.026381</td>\n",
       "      <td>0.009259</td>\n",
       "      <td>-0.000424</td>\n",
       "      <td>0.015579</td>\n",
       "      <td>0.003874</td>\n",
       "      <td>0.009942</td>\n",
       "      <td>0.005714</td>\n",
       "      <td>0.015705</td>\n",
       "      <td>0.009498</td>\n",
       "      <td>0.021130</td>\n",
       "    </tr>\n",
       "    <tr>\n",
       "      <th>10898347</th>\n",
       "      <td>0.039551</td>\n",
       "      <td>0.042707</td>\n",
       "      <td>0.045040</td>\n",
       "      <td>0.051405</td>\n",
       "      <td>0.053051</td>\n",
       "      <td>0.036880</td>\n",
       "      <td>0.040607</td>\n",
       "      <td>0.039542</td>\n",
       "      <td>0.018791</td>\n",
       "      <td>0.029093</td>\n",
       "      <td>0.011398</td>\n",
       "      <td>-0.001012</td>\n",
       "      <td>0.020783</td>\n",
       "      <td>0.005000</td>\n",
       "      <td>0.013661</td>\n",
       "      <td>0.007528</td>\n",
       "      <td>0.022744</td>\n",
       "      <td>0.012665</td>\n",
       "      <td>0.044620</td>\n",
       "    </tr>\n",
       "    <tr>\n",
       "      <th>10933547</th>\n",
       "      <td>0.019473</td>\n",
       "      <td>0.022856</td>\n",
       "      <td>0.021607</td>\n",
       "      <td>0.024666</td>\n",
       "      <td>0.021909</td>\n",
       "      <td>0.023562</td>\n",
       "      <td>0.020809</td>\n",
       "      <td>0.013718</td>\n",
       "      <td>-0.001564</td>\n",
       "      <td>-0.005775</td>\n",
       "      <td>0.000331</td>\n",
       "      <td>-0.002521</td>\n",
       "      <td>0.001062</td>\n",
       "      <td>-0.005081</td>\n",
       "      <td>-0.003757</td>\n",
       "      <td>-0.001947</td>\n",
       "      <td>-0.006584</td>\n",
       "      <td>-0.004053</td>\n",
       "      <td>0.018439</td>\n",
       "    </tr>\n",
       "    <tr>\n",
       "      <th>10940747</th>\n",
       "      <td>0.033089</td>\n",
       "      <td>0.045931</td>\n",
       "      <td>0.048413</td>\n",
       "      <td>0.054380</td>\n",
       "      <td>0.053412</td>\n",
       "      <td>0.024864</td>\n",
       "      <td>0.041859</td>\n",
       "      <td>0.030287</td>\n",
       "      <td>0.008572</td>\n",
       "      <td>0.030681</td>\n",
       "      <td>0.006476</td>\n",
       "      <td>0.011343</td>\n",
       "      <td>0.009224</td>\n",
       "      <td>0.003539</td>\n",
       "      <td>0.004328</td>\n",
       "      <td>0.001856</td>\n",
       "      <td>0.007209</td>\n",
       "      <td>-0.000994</td>\n",
       "      <td>0.030759</td>\n",
       "    </tr>\n",
       "    <tr>\n",
       "      <th>10954547</th>\n",
       "      <td>0.014653</td>\n",
       "      <td>0.013842</td>\n",
       "      <td>0.015767</td>\n",
       "      <td>0.012842</td>\n",
       "      <td>0.013380</td>\n",
       "      <td>0.016096</td>\n",
       "      <td>0.016757</td>\n",
       "      <td>0.006713</td>\n",
       "      <td>-0.005826</td>\n",
       "      <td>-0.020293</td>\n",
       "      <td>-0.005427</td>\n",
       "      <td>-0.012469</td>\n",
       "      <td>-0.007221</td>\n",
       "      <td>0.016448</td>\n",
       "      <td>0.021206</td>\n",
       "      <td>0.018001</td>\n",
       "      <td>0.022557</td>\n",
       "      <td>0.031615</td>\n",
       "      <td>0.019823</td>\n",
       "    </tr>\n",
       "    <tr>\n",
       "      <th>10976347</th>\n",
       "      <td>0.002227</td>\n",
       "      <td>0.004329</td>\n",
       "      <td>0.005335</td>\n",
       "      <td>0.007046</td>\n",
       "      <td>0.007998</td>\n",
       "      <td>0.002259</td>\n",
       "      <td>0.001528</td>\n",
       "      <td>0.006664</td>\n",
       "      <td>0.007214</td>\n",
       "      <td>0.022184</td>\n",
       "      <td>0.006909</td>\n",
       "      <td>0.002708</td>\n",
       "      <td>0.009175</td>\n",
       "      <td>0.005410</td>\n",
       "      <td>0.007090</td>\n",
       "      <td>0.006034</td>\n",
       "      <td>0.009114</td>\n",
       "      <td>0.006594</td>\n",
       "      <td>0.008543</td>\n",
       "    </tr>\n",
       "  </tbody>\n",
       "</table>\n",
       "</div>"
      ],
      "text/plain": [
       "          lgb_fair  lgb_huber  lgb_l1f1  lgb_l1f2  lgb_l1f4  lgb_l1f6  \\\n",
       "10754147  0.012187   0.015168  0.013996  0.012115  0.013301  0.013811   \n",
       "10759547 -0.004355  -0.001797 -0.001609 -0.004885 -0.006208  0.007870   \n",
       "10843547  0.023821   0.018871  0.019771  0.017670  0.012776  0.023028   \n",
       "10859147  0.031263   0.042162  0.045226  0.054795  0.051295  0.028064   \n",
       "10879947  0.016451   0.016253  0.017224  0.020335  0.021967  0.023454   \n",
       "10898347  0.039551   0.042707  0.045040  0.051405  0.053051  0.036880   \n",
       "10933547  0.019473   0.022856  0.021607  0.024666  0.021909  0.023562   \n",
       "10940747  0.033089   0.045931  0.048413  0.054380  0.053412  0.024864   \n",
       "10954547  0.014653   0.013842  0.015767  0.012842  0.013380  0.016096   \n",
       "10976347  0.002227   0.004329  0.005335  0.007046  0.007998  0.002259   \n",
       "\n",
       "            lgb_l1  xgb_l1f0  xgb_l1f1  xgb_l1f2  xgb_l1f4  xgb_l1f6  \\\n",
       "10754147  0.012246  0.005260 -0.005320 -0.015949 -0.006156 -0.010079   \n",
       "10759547  0.000325 -0.013911 -0.009836 -0.020776 -0.010443 -0.011802   \n",
       "10843547  0.013632 -0.010484  0.014175 -0.034172  0.020482 -0.016173   \n",
       "10859147  0.040788  0.033502  0.040992  0.050591  0.031655  0.014771   \n",
       "10879947  0.016277  0.020137  0.014179  0.026381  0.009259 -0.000424   \n",
       "10898347  0.040607  0.039542  0.018791  0.029093  0.011398 -0.001012   \n",
       "10933547  0.020809  0.013718 -0.001564 -0.005775  0.000331 -0.002521   \n",
       "10940747  0.041859  0.030287  0.008572  0.030681  0.006476  0.011343   \n",
       "10954547  0.016757  0.006713 -0.005826 -0.020293 -0.005427 -0.012469   \n",
       "10976347  0.001528  0.006664  0.007214  0.022184  0.006909  0.002708   \n",
       "\n",
       "          xgb_l1f7  cat_L1F1  cat_L1F2  cat_L1F4  cat_L1F6  cat_L1F7   cat_MAE  \n",
       "10754147 -0.005125  0.017555  0.026780  0.020745  0.027095  0.039852  0.019953  \n",
       "10759547 -0.014539  0.013544  0.018957  0.016423  0.020309  0.020587  0.012030  \n",
       "10843547  0.027498  0.007729 -0.019612  0.015279 -0.000853 -0.009084  0.017022  \n",
       "10859147  0.067674  0.017352  0.031631  0.020118  0.054818  0.039738  0.051345  \n",
       "10879947  0.015579  0.003874  0.009942  0.005714  0.015705  0.009498  0.021130  \n",
       "10898347  0.020783  0.005000  0.013661  0.007528  0.022744  0.012665  0.044620  \n",
       "10933547  0.001062 -0.005081 -0.003757 -0.001947 -0.006584 -0.004053  0.018439  \n",
       "10940747  0.009224  0.003539  0.004328  0.001856  0.007209 -0.000994  0.030759  \n",
       "10954547 -0.007221  0.016448  0.021206  0.018001  0.022557  0.031615  0.019823  \n",
       "10976347  0.009175  0.005410  0.007090  0.006034  0.009114  0.006594  0.008543  "
      ]
     },
     "metadata": {},
     "output_type": "display_data"
    },
    {
     "name": "stdout",
     "output_type": "stream",
     "text": [
      "0.0160639733446 0.0205895971767\n"
     ]
    },
    {
     "data": {
      "text/html": [
       "<div>\n",
       "<table border=\"1\" class=\"dataframe\">\n",
       "  <thead>\n",
       "    <tr style=\"text-align: right;\">\n",
       "      <th></th>\n",
       "      <th>lgb_fair</th>\n",
       "      <th>lgb_huber</th>\n",
       "      <th>lgb_l1f1</th>\n",
       "      <th>lgb_l1f2</th>\n",
       "      <th>lgb_l1f4</th>\n",
       "      <th>lgb_l1f6</th>\n",
       "      <th>lgb_l1</th>\n",
       "      <th>xgb_l1f0</th>\n",
       "      <th>xgb_l1f1</th>\n",
       "      <th>xgb_l1f2</th>\n",
       "      <th>xgb_l1f4</th>\n",
       "      <th>xgb_l1f6</th>\n",
       "      <th>xgb_l1f7</th>\n",
       "      <th>cat_L1F1</th>\n",
       "      <th>cat_L1F2</th>\n",
       "      <th>cat_L1F4</th>\n",
       "      <th>cat_L1F6</th>\n",
       "      <th>cat_L1F7</th>\n",
       "      <th>cat_MAE</th>\n",
       "    </tr>\n",
       "  </thead>\n",
       "  <tbody>\n",
       "    <tr>\n",
       "      <th>lgb_fair</th>\n",
       "      <td>1.000000</td>\n",
       "      <td>0.971451</td>\n",
       "      <td>0.979782</td>\n",
       "      <td>0.956453</td>\n",
       "      <td>0.946386</td>\n",
       "      <td>0.869418</td>\n",
       "      <td>0.975509</td>\n",
       "      <td>0.930997</td>\n",
       "      <td>0.493526</td>\n",
       "      <td>0.360134</td>\n",
       "      <td>0.473703</td>\n",
       "      <td>0.609778</td>\n",
       "      <td>0.392678</td>\n",
       "      <td>0.624161</td>\n",
       "      <td>0.675334</td>\n",
       "      <td>0.630428</td>\n",
       "      <td>0.694373</td>\n",
       "      <td>0.668419</td>\n",
       "      <td>0.927684</td>\n",
       "    </tr>\n",
       "    <tr>\n",
       "      <th>lgb_huber</th>\n",
       "      <td>0.971451</td>\n",
       "      <td>1.000000</td>\n",
       "      <td>0.989399</td>\n",
       "      <td>0.990752</td>\n",
       "      <td>0.980818</td>\n",
       "      <td>0.821870</td>\n",
       "      <td>0.986609</td>\n",
       "      <td>0.905077</td>\n",
       "      <td>0.507804</td>\n",
       "      <td>0.360286</td>\n",
       "      <td>0.481674</td>\n",
       "      <td>0.638170</td>\n",
       "      <td>0.404311</td>\n",
       "      <td>0.595618</td>\n",
       "      <td>0.667652</td>\n",
       "      <td>0.615510</td>\n",
       "      <td>0.689629</td>\n",
       "      <td>0.663693</td>\n",
       "      <td>0.900937</td>\n",
       "    </tr>\n",
       "    <tr>\n",
       "      <th>lgb_l1f1</th>\n",
       "      <td>0.979782</td>\n",
       "      <td>0.989399</td>\n",
       "      <td>1.000000</td>\n",
       "      <td>0.988617</td>\n",
       "      <td>0.975970</td>\n",
       "      <td>0.833185</td>\n",
       "      <td>0.994491</td>\n",
       "      <td>0.910158</td>\n",
       "      <td>0.509446</td>\n",
       "      <td>0.370594</td>\n",
       "      <td>0.484471</td>\n",
       "      <td>0.636775</td>\n",
       "      <td>0.404308</td>\n",
       "      <td>0.604028</td>\n",
       "      <td>0.667860</td>\n",
       "      <td>0.616300</td>\n",
       "      <td>0.691660</td>\n",
       "      <td>0.661535</td>\n",
       "      <td>0.904844</td>\n",
       "    </tr>\n",
       "    <tr>\n",
       "      <th>lgb_l1f2</th>\n",
       "      <td>0.956453</td>\n",
       "      <td>0.990752</td>\n",
       "      <td>0.988617</td>\n",
       "      <td>1.000000</td>\n",
       "      <td>0.992014</td>\n",
       "      <td>0.801840</td>\n",
       "      <td>0.983712</td>\n",
       "      <td>0.905567</td>\n",
       "      <td>0.528133</td>\n",
       "      <td>0.371373</td>\n",
       "      <td>0.501144</td>\n",
       "      <td>0.653942</td>\n",
       "      <td>0.418620</td>\n",
       "      <td>0.599435</td>\n",
       "      <td>0.675778</td>\n",
       "      <td>0.619257</td>\n",
       "      <td>0.700045</td>\n",
       "      <td>0.672960</td>\n",
       "      <td>0.896570</td>\n",
       "    </tr>\n",
       "    <tr>\n",
       "      <th>lgb_l1f4</th>\n",
       "      <td>0.946386</td>\n",
       "      <td>0.980818</td>\n",
       "      <td>0.975970</td>\n",
       "      <td>0.992014</td>\n",
       "      <td>1.000000</td>\n",
       "      <td>0.785682</td>\n",
       "      <td>0.975773</td>\n",
       "      <td>0.918220</td>\n",
       "      <td>0.552843</td>\n",
       "      <td>0.377874</td>\n",
       "      <td>0.527386</td>\n",
       "      <td>0.679913</td>\n",
       "      <td>0.430379</td>\n",
       "      <td>0.609706</td>\n",
       "      <td>0.693933</td>\n",
       "      <td>0.632085</td>\n",
       "      <td>0.720576</td>\n",
       "      <td>0.693432</td>\n",
       "      <td>0.903870</td>\n",
       "    </tr>\n",
       "    <tr>\n",
       "      <th>lgb_l1f6</th>\n",
       "      <td>0.869418</td>\n",
       "      <td>0.821870</td>\n",
       "      <td>0.833185</td>\n",
       "      <td>0.801840</td>\n",
       "      <td>0.785682</td>\n",
       "      <td>1.000000</td>\n",
       "      <td>0.846542</td>\n",
       "      <td>0.826348</td>\n",
       "      <td>0.338538</td>\n",
       "      <td>0.258830</td>\n",
       "      <td>0.326155</td>\n",
       "      <td>0.360164</td>\n",
       "      <td>0.310774</td>\n",
       "      <td>0.451494</td>\n",
       "      <td>0.477256</td>\n",
       "      <td>0.463777</td>\n",
       "      <td>0.479605</td>\n",
       "      <td>0.490524</td>\n",
       "      <td>0.828416</td>\n",
       "    </tr>\n",
       "    <tr>\n",
       "      <th>lgb_l1</th>\n",
       "      <td>0.975509</td>\n",
       "      <td>0.986609</td>\n",
       "      <td>0.994491</td>\n",
       "      <td>0.983712</td>\n",
       "      <td>0.975773</td>\n",
       "      <td>0.846542</td>\n",
       "      <td>1.000000</td>\n",
       "      <td>0.908441</td>\n",
       "      <td>0.505045</td>\n",
       "      <td>0.362088</td>\n",
       "      <td>0.480047</td>\n",
       "      <td>0.632971</td>\n",
       "      <td>0.397869</td>\n",
       "      <td>0.597081</td>\n",
       "      <td>0.662263</td>\n",
       "      <td>0.610800</td>\n",
       "      <td>0.684882</td>\n",
       "      <td>0.658389</td>\n",
       "      <td>0.904240</td>\n",
       "    </tr>\n",
       "    <tr>\n",
       "      <th>xgb_l1f0</th>\n",
       "      <td>0.930997</td>\n",
       "      <td>0.905077</td>\n",
       "      <td>0.910158</td>\n",
       "      <td>0.905567</td>\n",
       "      <td>0.918220</td>\n",
       "      <td>0.826348</td>\n",
       "      <td>0.908441</td>\n",
       "      <td>1.000000</td>\n",
       "      <td>0.582036</td>\n",
       "      <td>0.430419</td>\n",
       "      <td>0.569902</td>\n",
       "      <td>0.663481</td>\n",
       "      <td>0.473849</td>\n",
       "      <td>0.646383</td>\n",
       "      <td>0.710296</td>\n",
       "      <td>0.653194</td>\n",
       "      <td>0.732077</td>\n",
       "      <td>0.710843</td>\n",
       "      <td>0.942744</td>\n",
       "    </tr>\n",
       "    <tr>\n",
       "      <th>xgb_l1f1</th>\n",
       "      <td>0.493526</td>\n",
       "      <td>0.507804</td>\n",
       "      <td>0.509446</td>\n",
       "      <td>0.528133</td>\n",
       "      <td>0.552843</td>\n",
       "      <td>0.338538</td>\n",
       "      <td>0.505045</td>\n",
       "      <td>0.582036</td>\n",
       "      <td>1.000000</td>\n",
       "      <td>0.801181</td>\n",
       "      <td>0.982250</td>\n",
       "      <td>0.746515</td>\n",
       "      <td>0.925356</td>\n",
       "      <td>0.544831</td>\n",
       "      <td>0.555808</td>\n",
       "      <td>0.541861</td>\n",
       "      <td>0.575791</td>\n",
       "      <td>0.588400</td>\n",
       "      <td>0.453813</td>\n",
       "    </tr>\n",
       "    <tr>\n",
       "      <th>xgb_l1f2</th>\n",
       "      <td>0.360134</td>\n",
       "      <td>0.360286</td>\n",
       "      <td>0.370594</td>\n",
       "      <td>0.371373</td>\n",
       "      <td>0.377874</td>\n",
       "      <td>0.258830</td>\n",
       "      <td>0.362088</td>\n",
       "      <td>0.430419</td>\n",
       "      <td>0.801181</td>\n",
       "      <td>1.000000</td>\n",
       "      <td>0.731865</td>\n",
       "      <td>0.647701</td>\n",
       "      <td>0.874043</td>\n",
       "      <td>0.308641</td>\n",
       "      <td>0.276852</td>\n",
       "      <td>0.275800</td>\n",
       "      <td>0.311157</td>\n",
       "      <td>0.263470</td>\n",
       "      <td>0.275943</td>\n",
       "    </tr>\n",
       "    <tr>\n",
       "      <th>xgb_l1f4</th>\n",
       "      <td>0.473703</td>\n",
       "      <td>0.481674</td>\n",
       "      <td>0.484471</td>\n",
       "      <td>0.501144</td>\n",
       "      <td>0.527386</td>\n",
       "      <td>0.326155</td>\n",
       "      <td>0.480047</td>\n",
       "      <td>0.569902</td>\n",
       "      <td>0.982250</td>\n",
       "      <td>0.731865</td>\n",
       "      <td>1.000000</td>\n",
       "      <td>0.725965</td>\n",
       "      <td>0.884396</td>\n",
       "      <td>0.573892</td>\n",
       "      <td>0.575205</td>\n",
       "      <td>0.572458</td>\n",
       "      <td>0.585046</td>\n",
       "      <td>0.612132</td>\n",
       "      <td>0.441558</td>\n",
       "    </tr>\n",
       "    <tr>\n",
       "      <th>xgb_l1f6</th>\n",
       "      <td>0.609778</td>\n",
       "      <td>0.638170</td>\n",
       "      <td>0.636775</td>\n",
       "      <td>0.653942</td>\n",
       "      <td>0.679913</td>\n",
       "      <td>0.360164</td>\n",
       "      <td>0.632971</td>\n",
       "      <td>0.663481</td>\n",
       "      <td>0.746515</td>\n",
       "      <td>0.647701</td>\n",
       "      <td>0.725965</td>\n",
       "      <td>1.000000</td>\n",
       "      <td>0.562957</td>\n",
       "      <td>0.645998</td>\n",
       "      <td>0.676232</td>\n",
       "      <td>0.626224</td>\n",
       "      <td>0.712641</td>\n",
       "      <td>0.653916</td>\n",
       "      <td>0.575664</td>\n",
       "    </tr>\n",
       "    <tr>\n",
       "      <th>xgb_l1f7</th>\n",
       "      <td>0.392678</td>\n",
       "      <td>0.404311</td>\n",
       "      <td>0.404308</td>\n",
       "      <td>0.418620</td>\n",
       "      <td>0.430379</td>\n",
       "      <td>0.310774</td>\n",
       "      <td>0.397869</td>\n",
       "      <td>0.473849</td>\n",
       "      <td>0.925356</td>\n",
       "      <td>0.874043</td>\n",
       "      <td>0.884396</td>\n",
       "      <td>0.562957</td>\n",
       "      <td>1.000000</td>\n",
       "      <td>0.367379</td>\n",
       "      <td>0.362911</td>\n",
       "      <td>0.369441</td>\n",
       "      <td>0.382092</td>\n",
       "      <td>0.397890</td>\n",
       "      <td>0.336531</td>\n",
       "    </tr>\n",
       "    <tr>\n",
       "      <th>cat_L1F1</th>\n",
       "      <td>0.624161</td>\n",
       "      <td>0.595618</td>\n",
       "      <td>0.604028</td>\n",
       "      <td>0.599435</td>\n",
       "      <td>0.609706</td>\n",
       "      <td>0.451494</td>\n",
       "      <td>0.597081</td>\n",
       "      <td>0.646383</td>\n",
       "      <td>0.544831</td>\n",
       "      <td>0.308641</td>\n",
       "      <td>0.573892</td>\n",
       "      <td>0.645998</td>\n",
       "      <td>0.367379</td>\n",
       "      <td>1.000000</td>\n",
       "      <td>0.959805</td>\n",
       "      <td>0.982566</td>\n",
       "      <td>0.927905</td>\n",
       "      <td>0.936061</td>\n",
       "      <td>0.692347</td>\n",
       "    </tr>\n",
       "    <tr>\n",
       "      <th>cat_L1F2</th>\n",
       "      <td>0.675334</td>\n",
       "      <td>0.667652</td>\n",
       "      <td>0.667860</td>\n",
       "      <td>0.675778</td>\n",
       "      <td>0.693933</td>\n",
       "      <td>0.477256</td>\n",
       "      <td>0.662263</td>\n",
       "      <td>0.710296</td>\n",
       "      <td>0.555808</td>\n",
       "      <td>0.276852</td>\n",
       "      <td>0.575205</td>\n",
       "      <td>0.676232</td>\n",
       "      <td>0.362911</td>\n",
       "      <td>0.959805</td>\n",
       "      <td>1.000000</td>\n",
       "      <td>0.972466</td>\n",
       "      <td>0.986348</td>\n",
       "      <td>0.986087</td>\n",
       "      <td>0.765020</td>\n",
       "    </tr>\n",
       "    <tr>\n",
       "      <th>cat_L1F4</th>\n",
       "      <td>0.630428</td>\n",
       "      <td>0.615510</td>\n",
       "      <td>0.616300</td>\n",
       "      <td>0.619257</td>\n",
       "      <td>0.632085</td>\n",
       "      <td>0.463777</td>\n",
       "      <td>0.610800</td>\n",
       "      <td>0.653194</td>\n",
       "      <td>0.541861</td>\n",
       "      <td>0.275800</td>\n",
       "      <td>0.572458</td>\n",
       "      <td>0.626224</td>\n",
       "      <td>0.369441</td>\n",
       "      <td>0.982566</td>\n",
       "      <td>0.972466</td>\n",
       "      <td>1.000000</td>\n",
       "      <td>0.944377</td>\n",
       "      <td>0.963018</td>\n",
       "      <td>0.705682</td>\n",
       "    </tr>\n",
       "    <tr>\n",
       "      <th>cat_L1F6</th>\n",
       "      <td>0.694373</td>\n",
       "      <td>0.689629</td>\n",
       "      <td>0.691660</td>\n",
       "      <td>0.700045</td>\n",
       "      <td>0.720576</td>\n",
       "      <td>0.479605</td>\n",
       "      <td>0.684882</td>\n",
       "      <td>0.732077</td>\n",
       "      <td>0.575791</td>\n",
       "      <td>0.311157</td>\n",
       "      <td>0.585046</td>\n",
       "      <td>0.712641</td>\n",
       "      <td>0.382092</td>\n",
       "      <td>0.927905</td>\n",
       "      <td>0.986348</td>\n",
       "      <td>0.944377</td>\n",
       "      <td>1.000000</td>\n",
       "      <td>0.972998</td>\n",
       "      <td>0.783307</td>\n",
       "    </tr>\n",
       "    <tr>\n",
       "      <th>cat_L1F7</th>\n",
       "      <td>0.668419</td>\n",
       "      <td>0.663693</td>\n",
       "      <td>0.661535</td>\n",
       "      <td>0.672960</td>\n",
       "      <td>0.693432</td>\n",
       "      <td>0.490524</td>\n",
       "      <td>0.658389</td>\n",
       "      <td>0.710843</td>\n",
       "      <td>0.588400</td>\n",
       "      <td>0.263470</td>\n",
       "      <td>0.612132</td>\n",
       "      <td>0.653916</td>\n",
       "      <td>0.397890</td>\n",
       "      <td>0.936061</td>\n",
       "      <td>0.986087</td>\n",
       "      <td>0.963018</td>\n",
       "      <td>0.972998</td>\n",
       "      <td>1.000000</td>\n",
       "      <td>0.762097</td>\n",
       "    </tr>\n",
       "    <tr>\n",
       "      <th>cat_MAE</th>\n",
       "      <td>0.927684</td>\n",
       "      <td>0.900937</td>\n",
       "      <td>0.904844</td>\n",
       "      <td>0.896570</td>\n",
       "      <td>0.903870</td>\n",
       "      <td>0.828416</td>\n",
       "      <td>0.904240</td>\n",
       "      <td>0.942744</td>\n",
       "      <td>0.453813</td>\n",
       "      <td>0.275943</td>\n",
       "      <td>0.441558</td>\n",
       "      <td>0.575664</td>\n",
       "      <td>0.336531</td>\n",
       "      <td>0.692347</td>\n",
       "      <td>0.765020</td>\n",
       "      <td>0.705682</td>\n",
       "      <td>0.783307</td>\n",
       "      <td>0.762097</td>\n",
       "      <td>1.000000</td>\n",
       "    </tr>\n",
       "  </tbody>\n",
       "</table>\n",
       "</div>"
      ],
      "text/plain": [
       "           lgb_fair  lgb_huber  lgb_l1f1  lgb_l1f2  lgb_l1f4  lgb_l1f6  \\\n",
       "lgb_fair   1.000000   0.971451  0.979782  0.956453  0.946386  0.869418   \n",
       "lgb_huber  0.971451   1.000000  0.989399  0.990752  0.980818  0.821870   \n",
       "lgb_l1f1   0.979782   0.989399  1.000000  0.988617  0.975970  0.833185   \n",
       "lgb_l1f2   0.956453   0.990752  0.988617  1.000000  0.992014  0.801840   \n",
       "lgb_l1f4   0.946386   0.980818  0.975970  0.992014  1.000000  0.785682   \n",
       "lgb_l1f6   0.869418   0.821870  0.833185  0.801840  0.785682  1.000000   \n",
       "lgb_l1     0.975509   0.986609  0.994491  0.983712  0.975773  0.846542   \n",
       "xgb_l1f0   0.930997   0.905077  0.910158  0.905567  0.918220  0.826348   \n",
       "xgb_l1f1   0.493526   0.507804  0.509446  0.528133  0.552843  0.338538   \n",
       "xgb_l1f2   0.360134   0.360286  0.370594  0.371373  0.377874  0.258830   \n",
       "xgb_l1f4   0.473703   0.481674  0.484471  0.501144  0.527386  0.326155   \n",
       "xgb_l1f6   0.609778   0.638170  0.636775  0.653942  0.679913  0.360164   \n",
       "xgb_l1f7   0.392678   0.404311  0.404308  0.418620  0.430379  0.310774   \n",
       "cat_L1F1   0.624161   0.595618  0.604028  0.599435  0.609706  0.451494   \n",
       "cat_L1F2   0.675334   0.667652  0.667860  0.675778  0.693933  0.477256   \n",
       "cat_L1F4   0.630428   0.615510  0.616300  0.619257  0.632085  0.463777   \n",
       "cat_L1F6   0.694373   0.689629  0.691660  0.700045  0.720576  0.479605   \n",
       "cat_L1F7   0.668419   0.663693  0.661535  0.672960  0.693432  0.490524   \n",
       "cat_MAE    0.927684   0.900937  0.904844  0.896570  0.903870  0.828416   \n",
       "\n",
       "             lgb_l1  xgb_l1f0  xgb_l1f1  xgb_l1f2  xgb_l1f4  xgb_l1f6  \\\n",
       "lgb_fair   0.975509  0.930997  0.493526  0.360134  0.473703  0.609778   \n",
       "lgb_huber  0.986609  0.905077  0.507804  0.360286  0.481674  0.638170   \n",
       "lgb_l1f1   0.994491  0.910158  0.509446  0.370594  0.484471  0.636775   \n",
       "lgb_l1f2   0.983712  0.905567  0.528133  0.371373  0.501144  0.653942   \n",
       "lgb_l1f4   0.975773  0.918220  0.552843  0.377874  0.527386  0.679913   \n",
       "lgb_l1f6   0.846542  0.826348  0.338538  0.258830  0.326155  0.360164   \n",
       "lgb_l1     1.000000  0.908441  0.505045  0.362088  0.480047  0.632971   \n",
       "xgb_l1f0   0.908441  1.000000  0.582036  0.430419  0.569902  0.663481   \n",
       "xgb_l1f1   0.505045  0.582036  1.000000  0.801181  0.982250  0.746515   \n",
       "xgb_l1f2   0.362088  0.430419  0.801181  1.000000  0.731865  0.647701   \n",
       "xgb_l1f4   0.480047  0.569902  0.982250  0.731865  1.000000  0.725965   \n",
       "xgb_l1f6   0.632971  0.663481  0.746515  0.647701  0.725965  1.000000   \n",
       "xgb_l1f7   0.397869  0.473849  0.925356  0.874043  0.884396  0.562957   \n",
       "cat_L1F1   0.597081  0.646383  0.544831  0.308641  0.573892  0.645998   \n",
       "cat_L1F2   0.662263  0.710296  0.555808  0.276852  0.575205  0.676232   \n",
       "cat_L1F4   0.610800  0.653194  0.541861  0.275800  0.572458  0.626224   \n",
       "cat_L1F6   0.684882  0.732077  0.575791  0.311157  0.585046  0.712641   \n",
       "cat_L1F7   0.658389  0.710843  0.588400  0.263470  0.612132  0.653916   \n",
       "cat_MAE    0.904240  0.942744  0.453813  0.275943  0.441558  0.575664   \n",
       "\n",
       "           xgb_l1f7  cat_L1F1  cat_L1F2  cat_L1F4  cat_L1F6  cat_L1F7  \\\n",
       "lgb_fair   0.392678  0.624161  0.675334  0.630428  0.694373  0.668419   \n",
       "lgb_huber  0.404311  0.595618  0.667652  0.615510  0.689629  0.663693   \n",
       "lgb_l1f1   0.404308  0.604028  0.667860  0.616300  0.691660  0.661535   \n",
       "lgb_l1f2   0.418620  0.599435  0.675778  0.619257  0.700045  0.672960   \n",
       "lgb_l1f4   0.430379  0.609706  0.693933  0.632085  0.720576  0.693432   \n",
       "lgb_l1f6   0.310774  0.451494  0.477256  0.463777  0.479605  0.490524   \n",
       "lgb_l1     0.397869  0.597081  0.662263  0.610800  0.684882  0.658389   \n",
       "xgb_l1f0   0.473849  0.646383  0.710296  0.653194  0.732077  0.710843   \n",
       "xgb_l1f1   0.925356  0.544831  0.555808  0.541861  0.575791  0.588400   \n",
       "xgb_l1f2   0.874043  0.308641  0.276852  0.275800  0.311157  0.263470   \n",
       "xgb_l1f4   0.884396  0.573892  0.575205  0.572458  0.585046  0.612132   \n",
       "xgb_l1f6   0.562957  0.645998  0.676232  0.626224  0.712641  0.653916   \n",
       "xgb_l1f7   1.000000  0.367379  0.362911  0.369441  0.382092  0.397890   \n",
       "cat_L1F1   0.367379  1.000000  0.959805  0.982566  0.927905  0.936061   \n",
       "cat_L1F2   0.362911  0.959805  1.000000  0.972466  0.986348  0.986087   \n",
       "cat_L1F4   0.369441  0.982566  0.972466  1.000000  0.944377  0.963018   \n",
       "cat_L1F6   0.382092  0.927905  0.986348  0.944377  1.000000  0.972998   \n",
       "cat_L1F7   0.397890  0.936061  0.986087  0.963018  0.972998  1.000000   \n",
       "cat_MAE    0.336531  0.692347  0.765020  0.705682  0.783307  0.762097   \n",
       "\n",
       "            cat_MAE  \n",
       "lgb_fair   0.927684  \n",
       "lgb_huber  0.900937  \n",
       "lgb_l1f1   0.904844  \n",
       "lgb_l1f2   0.896570  \n",
       "lgb_l1f4   0.903870  \n",
       "lgb_l1f6   0.828416  \n",
       "lgb_l1     0.904240  \n",
       "xgb_l1f0   0.942744  \n",
       "xgb_l1f1   0.453813  \n",
       "xgb_l1f2   0.275943  \n",
       "xgb_l1f4   0.441558  \n",
       "xgb_l1f6   0.575664  \n",
       "xgb_l1f7   0.336531  \n",
       "cat_L1F1   0.692347  \n",
       "cat_L1F2   0.765020  \n",
       "cat_L1F4   0.705682  \n",
       "cat_L1F6   0.783307  \n",
       "cat_L1F7   0.762097  \n",
       "cat_MAE    1.000000  "
      ]
     },
     "metadata": {},
     "output_type": "display_data"
    }
   ],
   "source": [
    "f('201610')"
   ]
  },
  {
   "cell_type": "code",
   "execution_count": null,
   "metadata": {
    "collapsed": true
   },
   "outputs": [],
   "source": []
  },
  {
   "cell_type": "code",
   "execution_count": 11,
   "metadata": {
    "collapsed": false
   },
   "outputs": [
    {
     "data": {
      "text/html": [
       "<div>\n",
       "<table border=\"1\" class=\"dataframe\">\n",
       "  <thead>\n",
       "    <tr style=\"text-align: right;\">\n",
       "      <th></th>\n",
       "      <th>lgb_fair</th>\n",
       "      <th>lgb_huber</th>\n",
       "      <th>lgb_l1f1</th>\n",
       "      <th>lgb_l1f2</th>\n",
